120 100
 151  139  167  108  170  92  141  147  175  147  105  132  0  0  0  0  0  0  0  0  0  0  0  0  0  0  0  0  0  0  0  0  0  0  0  0  0  0  0  0  0  0  0  0  0  0  0  0  0  0  0  0  0  0  0  0  0  0  0  0  0  0  0  0  0  0  0  0  0  0  0  0  0  0  0  0  0  0  0  0  0  0  0  0  0  0  0  0  0  0  0  0  0  0  0  0  0  0  0  0 
 114  114  115  88  57  94  52  103  91  65  10  64  0  0  0  0  0  0  0  0  0  0  0  0  0  0  0  0  0  0  0  0  0  0  0  0  0  0  0  0  0  0  0  0  0  0  0  0  0  0  0  0  0  0  0  0  0  0  0  0  0  0  0  0  0  0  0  0  0  0  0  0  0  0  0  0  0  0  0  0  0  0  0  0  0  0  0  0  0  0  0  0  0  0  0  0  0  0  0  0 
 96  81  133  108  98  79  102  124  44  99  59  89  0  0  0  0  0  0  0  0  0  0  0  0  0  0  0  0  0  0  0  0  0  0  0  0  0  0  0  0  0  0  0  0  0  0  0  0  0  0  0  0  0  0  0  0  0  0  0  0  0  0  0  0  0  0  0  0  0  0  0  0  0  0  0  0  0  0  0  0  0  0  0  0  0  0  0  0  0  0  0  0  0  0  0  0  0  0  0  0 
 201  227  238  140  187  235  170  183  162  196  254  204  0  0  0  0  0  0  0  0  0  0  0  0  0  0  0  0  0  0  0  0  0  0  0  0  0  0  0  0  0  0  0  0  0  0  0  0  0  0  0  0  0  0  0  0  0  0  0  0  0  0  0  0  0  0  0  0  0  0  0  0  0  0  0  0  0  0  0  0  0  0  0  0  0  0  0  0  0  0  0  0  0  0  0  0  0  0  0  0 
 160  110  38  80  170  82  125  38  200  169  140  101  0  0  0  0  0  0  0  0  0  0  0  0  0  0  0  0  0  0  0  0  0  0  0  0  0  0  0  0  0  0  0  0  0  0  0  0  0  0  0  0  0  0  0  0  0  0  0  0  0  0  0  0  0  0  0  0  0  0  0  0  0  0  0  0  0  0  0  0  0  0  0  0  0  0  0  0  0  0  0  0  0  0  0  0  0  0  0  0 
 233  238  193  217  175  150  156  157  190  208  221  190  119  61  149  122  210  192  90  209  167  178  25  101  52  0  0  0  0  0  0  0  0  0  0  0  0  0  0  0  0  0  0  0  0  0  0  0  0  0  0  0  0  0  0  0  0  0  0  0  0  0  0  0  0  0  0  0  0  0  0  0  0  0  0  0  0  0  0  0  0  0  0  0  0  0  0  0  0  0  0  0  0  0  0  0  0  0  0  0 
 258  326  248  239  311  311  227  297  218  208  309  290  255  180  256  253  247  313  171  297  291  151  275  347  311  0  0  0  0  0  0  0  0  0  0  0  0  0  0  0  0  0  0  0  0  0  0  0  0  0  0  0  0  0  0  0  0  0  0  0  0  0  0  0  0  0  0  0  0  0  0  0  0  0  0  0  0  0  0  0  0  0  0  0  0  0  0  0  0  0  0  0  0  0  0  0  0  0  0  0 
 125  181  219  258  209  73  65  199  84  212  206  200  170  205  140  184  263  257  225  289  97  122  281  157  85  0  0  0  0  0  0  0  0  0  0  0  0  0  0  0  0  0  0  0  0  0  0  0  0  0  0  0  0  0  0  0  0  0  0  0  0  0  0  0  0  0  0  0  0  0  0  0  0  0  0  0  0  0  0  0  0  0  0  0  0  0  0  0  0  0  0  0  0  0  0  0  0  0  0  0 
 426  435  344  417  422  428  437  341  449  303  291  363  308  306  326  335  352  400  350  438  297  444  394  281  221  0  0  0  0  0  0  0  0  0  0  0  0  0  0  0  0  0  0  0  0  0  0  0  0  0  0  0  0  0  0  0  0  0  0  0  0  0  0  0  0  0  0  0  0  0  0  0  0  0  0  0  0  0  0  0  0  0  0  0  0  0  0  0  0  0  0  0  0  0  0  0  0  0  0  0 
 203  356  332  314  240  262  330  112  222  373  256  268  293  250  286  292  313  302  189  203  259  346  264  372  101  0  0  0  0  0  0  0  0  0  0  0  0  0  0  0  0  0  0  0  0  0  0  0  0  0  0  0  0  0  0  0  0  0  0  0  0  0  0  0  0  0  0  0  0  0  0  0  0  0  0  0  0  0  0  0  0  0  0  0  0  0  0  0  0  0  0  0  0  0  0  0  0  0  0  0 
 809  952  783  859  927  886  801  748  855  854  986  939  921  980  787  804  831  816  924  881  937  815  810  966  878  877  927  764  788  899  826  868  713  878  842  812  824  845  878  759  768  782  799  893  768  757  954  796  868  910  0  0  0  0  0  0  0  0  0  0  0  0  0  0  0  0  0  0  0  0  0  0  0  0  0  0  0  0  0  0  0  0  0  0  0  0  0  0  0  0  0  0  0  0  0  0  0  0  0  0 
 519  599  707  644  766  512  590  718  773  626  620  712  642  583  681  642  704  763  621  726  754  607  557  602  694  755  674  673  584  657  680  600  685  649  736  638  717  781  588  775  572  603  602  578  679  599  660  586  709  645  0  0  0  0  0  0  0  0  0  0  0  0  0  0  0  0  0  0  0  0  0  0  0  0  0  0  0  0  0  0  0  0  0  0  0  0  0  0  0  0  0  0  0  0  0  0  0  0  0  0 
 477  661  475  722  535  384  530  602  547  422  410  732  723  592  518  769  612  510  602  799  430  500  513  389  447  711  488  219  770  709  607  791  388  380  682  624  713  626  535  666  216  640  660  603  633  584  695  563  783  548  0  0  0  0  0  0  0  0  0  0  0  0  0  0  0  0  0  0  0  0  0  0  0  0  0  0  0  0  0  0  0  0  0  0  0  0  0  0  0  0  0  0  0  0  0  0  0  0  0  0 
 500  378  112  278  466  314  398  624  508  521  499  696  285  474  539  285  645  699  376  651  556  219  242  356  449  589  481  559  98  435  675  640  329  403  342  547  405  174  614  311  648  488  650  118  383  381  184  417  531  185  0  0  0  0  0  0  0  0  0  0  0  0  0  0  0  0  0  0  0  0  0  0  0  0  0  0  0  0  0  0  0  0  0  0  0  0  0  0  0  0  0  0  0  0  0  0  0  0  0  0 
 890  309  671  821  914  275  798  705  368  483  538  470  404  665  498  511  215  715  379  524  855  611  508  523  699  932  911  504  773  867  817  570  724  892  889  502  828  898  912  414  777  616  621  552  797  719  589  514  530  489  0  0  0  0  0  0  0  0  0  0  0  0  0  0  0  0  0  0  0  0  0  0  0  0  0  0  0  0  0  0  0  0  0  0  0  0  0  0  0  0  0  0  0  0  0  0  0  0  0  0 
 1315  1437  1559  1269  1472  1360  1294  1163  949  1078  1198  1313  1033  1111  1171  1026  1368  849  1421  1306  1529  1222  811  1484  1384  1124  1185  1541  1306  1553  1481  1357  891  1217  805  1275  1384  1632  1331  1432  1470  1405  979  953  1606  1124  1150  1601  1444  1157  1206  1489  1001  1300  997  1293  1349  821  1336  1342  1130  1360  1356  1249  1220  1571  1010  1044  1511  1299  1225  1452  1428  1103  1143  1429  1292  1159  1479  1255  1136  1019  1023  1508  1540  1223  1392  1068  1356  1144  961  1200  1255  1286  1404  1288  1293  1298  1425  1450 
 1051  846  1019  979  618  490  574  1121  1240  693  1107  968  149  716  940  962  934  1096  694  618  971  998  878  1113  870  942  710  575  584  1307  355  423  714  771  637  648  148  570  397  918  1118  245  199  361  1185  1065  133  494  549  496  1170  782  429  876  1281  548  813  753  472  354  1117  415  624  122  1274  1070  390  426  722  1118  868  806  945  329  228  506  681  604  449  1051  1060  147  675  665  971  729  26  1237  692  728  1090  993  799  1282  353  380  752  449  794  734 
 1245  908  851  1050  617  1101  1077  1123  1051  1003  905  669  1111  559  952  1189  593  893  752  1368  1226  863  998  504  989  1032  1174  1048  918  761  1130  1264  686  1339  725  626  1132  939  882  779  1022  909  1358  1146  1099  1055  770  944  677  994  1058  1081  757  1148  1331  1128  1100  1209  664  1064  1042  969  1304  1212  1266  1040  712  945  1007  1317  1277  769  1041  823  904  854  708  1145  948  714  1222  1179  728  859  1135  641  1192  1026  998  829  1122  480  1238  942  595  814  899  1019  992  852 
 921  1761  1345  1247  1031  1794  1791  1104  1322  1190  1440  1401  1461  797  1674  1689  1208  1385  1687  1633  1257  1594  1676  1195  1244  1455  1168  1281  1675  1214  1384  1387  837  1324  1009  1453  1541  1175  1455  1067  985  1337  1317  1596  1122  1226  1098  1321  1732  1551  1393  1128  1081  1387  1432  1393  1437  1582  570  1707  684  1544  1305  1083  1451  552  1128  1475  1376  1568  905  1502  1416  899  1533  895  1363  1231  835  745  1679  1708  1070  1678  924  1649  1741  855  1755  1373  1199  1426  1741  830  1509  1179  1594  840  1439  1150 
 571  1496  1073  1231  1485  1314  1080  951  1136  1512  1120  1485  316  1156  635  1037  444  727  799  698  43  639  733  842  1188  896  330  1001  635  231  574  470  822  95  429  1030  1023  656  1231  1490  1422  1435  1209  1278  1067  693  1313  116  1282  512  645  631  1230  492  1101  941  810  1128  1339  1304  1408  1105  1570  1477  620  1279  342  177  1068  174  780  1066  864  1114  1514  829  892  843  964  946  863  619  1343  1409  474  551  611  441  1509  1117  1480  1208  1204  880  973  1027  1120  308  619  423 
 172  174  146  158  147  159  99  137  102  168  167  109  0  0  0  0  0  0  0  0  0  0  0  0  0  0  0  0  0  0  0  0  0  0  0  0  0  0  0  0  0  0  0  0  0  0  0  0  0  0  0  0  0  0  0  0  0  0  0  0  0  0  0  0  0  0  0  0  0  0  0  0  0  0  0  0  0  0  0  0  0  0  0  0  0  0  0  0  0  0  0  0  0  0  0  0  0  0  0  0 
 117  139  105  87  137  66  137  91  133  106  135  105  0  0  0  0  0  0  0  0  0  0  0  0  0  0  0  0  0  0  0  0  0  0  0  0  0  0  0  0  0  0  0  0  0  0  0  0  0  0  0  0  0  0  0  0  0  0  0  0  0  0  0  0  0  0  0  0  0  0  0  0  0  0  0  0  0  0  0  0  0  0  0  0  0  0  0  0  0  0  0  0  0  0  0  0  0  0  0  0 
 15  104  43  76  96  70  84  78  102  64  27  43  0  0  0  0  0  0  0  0  0  0  0  0  0  0  0  0  0  0  0  0  0  0  0  0  0  0  0  0  0  0  0  0  0  0  0  0  0  0  0  0  0  0  0  0  0  0  0  0  0  0  0  0  0  0  0  0  0  0  0  0  0  0  0  0  0  0  0  0  0  0  0  0  0  0  0  0  0  0  0  0  0  0  0  0  0  0  0  0 
 206  217  232  221  208  170  183  215  170  197  174  197  0  0  0  0  0  0  0  0  0  0  0  0  0  0  0  0  0  0  0  0  0  0  0  0  0  0  0  0  0  0  0  0  0  0  0  0  0  0  0  0  0  0  0  0  0  0  0  0  0  0  0  0  0  0  0  0  0  0  0  0  0  0  0  0  0  0  0  0  0  0  0  0  0  0  0  0  0  0  0  0  0  0  0  0  0  0  0  0 
 236  134  140  167  162  118  220  211  186  144  196  152  0  0  0  0  0  0  0  0  0  0  0  0  0  0  0  0  0  0  0  0  0  0  0  0  0  0  0  0  0  0  0  0  0  0  0  0  0  0  0  0  0  0  0  0  0  0  0  0  0  0  0  0  0  0  0  0  0  0  0  0  0  0  0  0  0  0  0  0  0  0  0  0  0  0  0  0  0  0  0  0  0  0  0  0  0  0  0  0 
 329  463  455  432  399  318  342  420  385  430  486  425  408  339  349  447  366  478  356  272  424  473  384  348  353  0  0  0  0  0  0  0  0  0  0  0  0  0  0  0  0  0  0  0  0  0  0  0  0  0  0  0  0  0  0  0  0  0  0  0  0  0  0  0  0  0  0  0  0  0  0  0  0  0  0  0  0  0  0  0  0  0  0  0  0  0  0  0  0  0  0  0  0  0  0  0  0  0  0  0 
 212  176  177  131  231  253  276  232  223  225  277  147  200  233  209  223  258  209  207  210  182  274  242  248  218  0  0  0  0  0  0  0  0  0  0  0  0  0  0  0  0  0  0  0  0  0  0  0  0  0  0  0  0  0  0  0  0  0  0  0  0  0  0  0  0  0  0  0  0  0  0  0  0  0  0  0  0  0  0  0  0  0  0  0  0  0  0  0  0  0  0  0  0  0  0  0  0  0  0  0 
 461  426  430  231  268  243  427  350  441  452  271  476  275  428  357  365  441  450  341  335  472  349  487  213  277  0  0  0  0  0  0  0  0  0  0  0  0  0  0  0  0  0  0  0  0  0  0  0  0  0  0  0  0  0  0  0  0  0  0  0  0  0  0  0  0  0  0  0  0  0  0  0  0  0  0  0  0  0  0  0  0  0  0  0  0  0  0  0  0  0  0  0  0  0  0  0  0  0  0  0 
 201  174  410  108  259  173  226  406  269  133  222  257  141  297  287  155  330  357  316  338  232  170  172  301  191  0  0  0  0  0  0  0  0  0  0  0  0  0  0  0  0  0  0  0  0  0  0  0  0  0  0  0  0  0  0  0  0  0  0  0  0  0  0  0  0  0  0  0  0  0  0  0  0  0  0  0  0  0  0  0  0  0  0  0  0  0  0  0  0  0  0  0  0  0  0  0  0  0  0  0 
 282  334  182  360  231  104  115  169  292  123  189  330  270  108  121  109  144  209  132  327  235  361  237  252  248  0  0  0  0  0  0  0  0  0  0  0  0  0  0  0  0  0  0  0  0  0  0  0  0  0  0  0  0  0  0  0  0  0  0  0  0  0  0  0  0  0  0  0  0  0  0  0  0  0  0  0  0  0  0  0  0  0  0  0  0  0  0  0  0  0  0  0  0  0  0  0  0  0  0  0 
 172  491  282  456  147  339  214  493  131  350  267  400  392  81  251  410  169  139  218  455  495  519  258  322  212  138  457  164  133  388  124  396  87  298  298  223  253  473  322  461  422  458  308  520  347  117  373  382  542  382  0  0  0  0  0  0  0  0  0  0  0  0  0  0  0  0  0  0  0  0  0  0  0  0  0  0  0  0  0  0  0  0  0  0  0  0  0  0  0  0  0  0  0  0  0  0  0  0  0  0 
 508  569  752  546  568  504  699  630  643  587  586  414  612  607  736  417  612  524  437  572  685  688  723  616  484  691  721  473  514  761  611  628  605  715  585  700  439  625  515  493  733  560  584  635  615  509  671  733  735  514  0  0  0  0  0  0  0  0  0  0  0  0  0  0  0  0  0  0  0  0  0  0  0  0  0  0  0  0  0  0  0  0  0  0  0  0  0  0  0  0  0  0  0  0  0  0  0  0  0  0 
 238  569  610  531  596  554  331  432  430  547  386  276  591  529  554  671  497  412  441  378  519  607  621  451  255  355  523  451  567  597  444  371  595  536  139  134  608  358  559  634  491  349  461  331  477  428  617  517  284  332  0  0  0  0  0  0  0  0  0  0  0  0  0  0  0  0  0  0  0  0  0  0  0  0  0  0  0  0  0  0  0  0  0  0  0  0  0  0  0  0  0  0  0  0  0  0  0  0  0  0 
 139  541  361  322  152  175  204  477  114  72  289  247  374  386  371  324  47  329  191  334  371  483  409  176  420  117  374  290  316  441  91  442  339  159  30  30  316  27  416  309  389  499  188  302  207  373  428  457  250  179  0  0  0  0  0  0  0  0  0  0  0  0  0  0  0  0  0  0  0  0  0  0  0  0  0  0  0  0  0  0  0  0  0  0  0  0  0  0  0  0  0  0  0  0  0  0  0  0  0  0 
 606  743  309  868  837  712  739  352  746  593  690  803  182  575  772  858  466  771  519  634  474  360  255  500  833  593  491  685  419  455  427  790  526  796  447  762  494  573  573  687  634  732  783  801  661  557  785  714  604  570  0  0  0  0  0  0  0  0  0  0  0  0  0  0  0  0  0  0  0  0  0  0  0  0  0  0  0  0  0  0  0  0  0  0  0  0  0  0  0  0  0  0  0  0  0  0  0  0  0  0 
 1518  818  1286  1348  871  1155  996  1196  1324  1316  1063  967  1227  1406  1365  1290  1160  1266  1565  1160  1165  1110  1514  1187  1314  1400  1185  1032  1493  1388  913  1357  1444  1518  1298  1420  1519  1191  994  1183  1259  1417  1374  1412  1435  1392  1386  1327  1539  1311  1526  1136  1255  1279  1136  1402  1117  990  1492  1332  844  1522  1147  1179  1501  1220  1153  1481  1554  1136  1452  1396  1424  927  1283  1245  1227  1455  1143  1380  1350  1298  1125  881  1346  1227  1518  1456  1059  721  1445  1522  1113  1227  1093  1395  953  1279  787  961 
 918  754  1136  1185  1081  800  539  808  590  1251  1126  1036  879  922  750  1083  841  1043  466  1118  1015  1037  1186  727  687  957  1073  894  704  763  1230  788  887  1096  1266  886  868  1216  558  507  561  1171  1025  965  1171  725  1213  1181  1120  694  694  1177  884  351  1142  553  990  903  1208  435  868  696  977  1029  1235  810  676  553  1019  1191  856  758  1197  958  896  1149  1195  1070  801  750  771  775  1079  831  981  752  1193  1162  818  693  1061  853  570  626  945  595  1220  817  1182  868 
 502  510  606  811  371  644  738  578  602  93  527  389  819  265  390  459  942  947  482  1073  917  233  886  344  868  214  809  292  739  1099  645  352  561  1053  877  907  224  335  525  635  999  592  975  866  407  793  392  931  857  929  947  1196  835  909  650  763  430  1051  557  946  636  898  546  725  1083  704  447  897  367  583  519  376  370  934  936  433  1185  643  530  606  661  916  890  729  888  763  749  718  320  1044  596  800  861  947  851  360  868  774  435  686 
 1031  1251  416  998  299  493  777  1135  614  869  349  335  716  1029  439  404  917  258  843  300  565  1211  1035  841  625  862  503  1211  966  591  1105  643  830  436  97  854  1091  635  441  584  837  775  823  797  673  634  803  56  1035  794  332  710  894  1233  1043  662  709  613  1042  1022  1027  1106  361  531  1011  723  741  790  125  1307  1015  305  574  767  790  1054  1190  1278  1107  1175  505  980  706  990  873  1137  698  1164  653  424  146  1012  922  292  1172  1276  14  765  716  642 
 1336  2176  1293  1816  2121  1513  1168  2199  2143  2250  2342  1434  2293  1625  2224  2099  2206  1845  2173  1460  1503  1924  1027  2072  2138  2216  2183  1422  2138  966  1871  1387  1820  2049  1091  1328  914  2267  2313  1359  1228  1621  1729  1692  1989  2229  1576  1341  2079  2045  1229  1566  1082  1452  1430  2182  2197  1476  1912  2006  1435  1640  1785  1852  2139  2239  1821  1741  2059  1459  1075  2292  2118  1352  2371  2226  1111  1373  1616  1228  1723  2123  1602  1302  1576  1176  2269  1446  1084  1701  1729  1268  1821  1559  1989  1593  1703  1418  1577  2422 
 64  91  83  76  67  77  92  97  87  94  73  82  0  0  0  0  0  0  0  0  0  0  0  0  0  0  0  0  0  0  0  0  0  0  0  0  0  0  0  0  0  0  0  0  0  0  0  0  0  0  0  0  0  0  0  0  0  0  0  0  0  0  0  0  0  0  0  0  0  0  0  0  0  0  0  0  0  0  0  0  0  0  0  0  0  0  0  0  0  0  0  0  0  0  0  0  0  0  0  0 
 82  82  94  71  93  62  64  80  68  76  52  73  0  0  0  0  0  0  0  0  0  0  0  0  0  0  0  0  0  0  0  0  0  0  0  0  0  0  0  0  0  0  0  0  0  0  0  0  0  0  0  0  0  0  0  0  0  0  0  0  0  0  0  0  0  0  0  0  0  0  0  0  0  0  0  0  0  0  0  0  0  0  0  0  0  0  0  0  0  0  0  0  0  0  0  0  0  0  0  0 
 49  50  64  39  31  22  63  48  52  70  36  30  0  0  0  0  0  0  0  0  0  0  0  0  0  0  0  0  0  0  0  0  0  0  0  0  0  0  0  0  0  0  0  0  0  0  0  0  0  0  0  0  0  0  0  0  0  0  0  0  0  0  0  0  0  0  0  0  0  0  0  0  0  0  0  0  0  0  0  0  0  0  0  0  0  0  0  0  0  0  0  0  0  0  0  0  0  0  0  0 
 26  38  72  90  11  59  38  87  63  67  39  64  0  0  0  0  0  0  0  0  0  0  0  0  0  0  0  0  0  0  0  0  0  0  0  0  0  0  0  0  0  0  0  0  0  0  0  0  0  0  0  0  0  0  0  0  0  0  0  0  0  0  0  0  0  0  0  0  0  0  0  0  0  0  0  0  0  0  0  0  0  0  0  0  0  0  0  0  0  0  0  0  0  0  0  0  0  0  0  0 
 44  28  50  74  42  54  17  46  48  58  69  59  0  0  0  0  0  0  0  0  0  0  0  0  0  0  0  0  0  0  0  0  0  0  0  0  0  0  0  0  0  0  0  0  0  0  0  0  0  0  0  0  0  0  0  0  0  0  0  0  0  0  0  0  0  0  0  0  0  0  0  0  0  0  0  0  0  0  0  0  0  0  0  0  0  0  0  0  0  0  0  0  0  0  0  0  0  0  0  0 
 203  160  176  191  186  152  205  152  171  176  204  160  164  162  196  163  198  144  189  172  142  206  163  204  200  0  0  0  0  0  0  0  0  0  0  0  0  0  0  0  0  0  0  0  0  0  0  0  0  0  0  0  0  0  0  0  0  0  0  0  0  0  0  0  0  0  0  0  0  0  0  0  0  0  0  0  0  0  0  0  0  0  0  0  0  0  0  0  0  0  0  0  0  0  0  0  0  0  0  0 
 108  154  161  145  161  110  162  138  114  89  146  101  153  63  130  81  128  157  60  127  124  133  75  149  98  0  0  0  0  0  0  0  0  0  0  0  0  0  0  0  0  0  0  0  0  0  0  0  0  0  0  0  0  0  0  0  0  0  0  0  0  0  0  0  0  0  0  0  0  0  0  0  0  0  0  0  0  0  0  0  0  0  0  0  0  0  0  0  0  0  0  0  0  0  0  0  0  0  0  0 
 12  6  90  78  108  133  64  54  89  141  56  90  119  102  93  20  97  66  70  102  34  75  89  44  15  0  0  0  0  0  0  0  0  0  0  0  0  0  0  0  0  0  0  0  0  0  0  0  0  0  0  0  0  0  0  0  0  0  0  0  0  0  0  0  0  0  0  0  0  0  0  0  0  0  0  0  0  0  0  0  0  0  0  0  0  0  0  0  0  0  0  0  0  0  0  0  0  0  0  0 
 109  166  104  140  92  83  115  129  94  110  66  13  45  89  19  103  139  109  168  48  121  27  141  127  16  0  0  0  0  0  0  0  0  0  0  0  0  0  0  0  0  0  0  0  0  0  0  0  0  0  0  0  0  0  0  0  0  0  0  0  0  0  0  0  0  0  0  0  0  0  0  0  0  0  0  0  0  0  0  0  0  0  0  0  0  0  0  0  0  0  0  0  0  0  0  0  0  0  0  0 
 163  219  133  157  211  215  201  124  148  195  171  102  167  183  183  200  92  165  131  229  84  225  184  163  232  0  0  0  0  0  0  0  0  0  0  0  0  0  0  0  0  0  0  0  0  0  0  0  0  0  0  0  0  0  0  0  0  0  0  0  0  0  0  0  0  0  0  0  0  0  0  0  0  0  0  0  0  0  0  0  0  0  0  0  0  0  0  0  0  0  0  0  0  0  0  0  0  0  0  0 
 297  298  302  244  266  249  333  319  205  309  318  309  273  322  207  281  304  340  307  346  240  328  313  347  259  303  283  219  267  348  248  286  306  273  277  302  264  213  295  286  327  198  314  306  243  234  272  325  237  293  0  0  0  0  0  0  0  0  0  0  0  0  0  0  0  0  0  0  0  0  0  0  0  0  0  0  0  0  0  0  0  0  0  0  0  0  0  0  0  0  0  0  0  0  0  0  0  0  0  0 
 175  141  250  244  208  281  273  246  260  162  226  272  306  294  207  271  202  145  241  284  199  213  143  152  240  180  110  153  282  224  285  301  254  213  257  310  248  212  189  176  231  265  213  88  187  269  116  195  271  190  0  0  0  0  0  0  0  0  0  0  0  0  0  0  0  0  0  0  0  0  0  0  0  0  0  0  0  0  0  0  0  0  0  0  0  0  0  0  0  0  0  0  0  0  0  0  0  0  0  0 
 166  159  198  253  199  145  65  184  177  267  262  170  259  164  104  203  146  237  166  189  253  156  204  110  228  233  161  180  180  246  310  54  243  185  148  213  162  308  113  274  209  270  231  219  169  136  252  201  189  217  0  0  0  0  0  0  0  0  0  0  0  0  0  0  0  0  0  0  0  0  0  0  0  0  0  0  0  0  0  0  0  0  0  0  0  0  0  0  0  0  0  0  0  0  0  0  0  0  0  0 
 249  195  256  340  322  146  178  222  355  227  212  196  132  345  156  113  238  122  100  108  257  311  343  324  166  248  253  295  110  318  234  310  237  269  171  359  226  209  250  98  289  277  214  250  239  347  307  175  143  219  0  0  0  0  0  0  0  0  0  0  0  0  0  0  0  0  0  0  0  0  0  0  0  0  0  0  0  0  0  0  0  0  0  0  0  0  0  0  0  0  0  0  0  0  0  0  0  0  0  0 
 467  407  348  457  244  332  540  418  514  380  500  395  305  454  308  343  399  332  360  420  427  297  265  279  361  566  280  446  462  470  261  424  481  319  308  497  344  343  385  355  440  415  356  554  260  426  240  323  497  361  0  0  0  0  0  0  0  0  0  0  0  0  0  0  0  0  0  0  0  0  0  0  0  0  0  0  0  0  0  0  0  0  0  0  0  0  0  0  0  0  0  0  0  0  0  0  0  0  0  0 
 578  563  498  589  461  530  549  491  224  531  560  562  257  457  576  596  263  486  616  477  417  508  520  528  478  451  488  437  509  449  334  504  528  418  542  467  366  359  444  545  427  296  461  551  450  471  430  465  320  359  494  408  507  430  258  548  512  390  338  401  281  250  536  558  476  590  532  473  451  433  593  479  379  620  567  522  594  545  574  628  604  388  627  474  401  354  354  408  622  482  312  607  319  448  369  312  657  523  420  533 
 436  547  419  184  419  364  307  383  399  338  384  452  192  409  485  112  272  439  390  334  486  448  312  321  483  273  553  517  411  314  381  249  490  339  217  222  419  432  443  296  348  226  442  391  431  508  521  238  183  76  513  315  459  441  403  308  361  244  62  339  131  413  338  383  323  262  314  185  297  339  443  381  452  411  294  40  205  311  456  516  369  453  206  575  495  399  106  448  441  568  417  357  279  480  25  397  295  317  278  467 
 683  782  705  655  745  845  574  561  588  850  533  781  724  809  861  691  595  687  704  649  717  678  531  746  802  685  657  558  665  616  829  693  583  744  641  733  859  603  567  774  738  788  588  824  724  663  673  885  717  632  678  592  829  749  797  787  777  864  784  609  806  869  796  788  842  764  899  697  767  627  613  851  566  661  871  663  590  740  678  863  846  716  694  647  871  788  830  616  612  673  744  712  687  621  772  500  630  500  608  899 
 474  141  520  336  114  73  269  506  497  354  332  194  155  482  172  357  333  186  242  247  445  339  34  328  387  390  327  53  243  349  222  274  386  69  417  181  439  284  310  386  353  234  256  358  540  520  301  457  410  240  410  372  161  302  332  461  303  419  322  235  320  348  372  386  265  187  209  252  551  345  14  409  222  462  160  392  400  387  155  278  197  57  108  342  269  314  528  180  164  341  254  320  257  370  323  207  405  333  414  438 
 254  153  291  126  577  602  416  477  352  517  472  419  208  138  349  183  439  405  318  156  508  508  387  41  440  65  473  353  305  338  443  116  249  296  519  42  418  136  410  31  304  284  450  622  237  598  567  52  448  254  436  496  510  133  373  137  318  156  320  336  150  580  454  570  356  308  228  258  242  193  226  525  165  251  300  203  265  482  541  88  387  278  550  461  548  75  583  582  498  228  443  313  224  353  399  474  114  491  480  428 
 83  98  88  93  102  91  72  93  79  97  102  79  0  0  0  0  0  0  0  0  0  0  0  0  0  0  0  0  0  0  0  0  0  0  0  0  0  0  0  0  0  0  0  0  0  0  0  0  0  0  0  0  0  0  0  0  0  0  0  0  0  0  0  0  0  0  0  0  0  0  0  0  0  0  0  0  0  0  0  0  0  0  0  0  0  0  0  0  0  0  0  0  0  0  0  0  0  0  0  0 
 65  65  62  59  71  73  76  73  73  61  66  60  0  0  0  0  0  0  0  0  0  0  0  0  0  0  0  0  0  0  0  0  0  0  0  0  0  0  0  0  0  0  0  0  0  0  0  0  0  0  0  0  0  0  0  0  0  0  0  0  0  0  0  0  0  0  0  0  0  0  0  0  0  0  0  0  0  0  0  0  0  0  0  0  0  0  0  0  0  0  0  0  0  0  0  0  0  0  0  0 
 23  16  42  15  10  49  28  61  45  52  17  62  0  0  0  0  0  0  0  0  0  0  0  0  0  0  0  0  0  0  0  0  0  0  0  0  0  0  0  0  0  0  0  0  0  0  0  0  0  0  0  0  0  0  0  0  0  0  0  0  0  0  0  0  0  0  0  0  0  0  0  0  0  0  0  0  0  0  0  0  0  0  0  0  0  0  0  0  0  0  0  0  0  0  0  0  0  0  0  0 
 98  75  94  97  86  120  73  77  120  89  104  115  0  0  0  0  0  0  0  0  0  0  0  0  0  0  0  0  0  0  0  0  0  0  0  0  0  0  0  0  0  0  0  0  0  0  0  0  0  0  0  0  0  0  0  0  0  0  0  0  0  0  0  0  0  0  0  0  0  0  0  0  0  0  0  0  0  0  0  0  0  0  0  0  0  0  0  0  0  0  0  0  0  0  0  0  0  0  0  0 
 60  53  43  22  11  46  8  22  36  48  13  58  0  0  0  0  0  0  0  0  0  0  0  0  0  0  0  0  0  0  0  0  0  0  0  0  0  0  0  0  0  0  0  0  0  0  0  0  0  0  0  0  0  0  0  0  0  0  0  0  0  0  0  0  0  0  0  0  0  0  0  0  0  0  0  0  0  0  0  0  0  0  0  0  0  0  0  0  0  0  0  0  0  0  0  0  0  0  0  0 
 121  114  96  135  129  121  102  135  95  95  93  65  124  120  84  160  152  141  110  113  161  148  86  64  129  0  0  0  0  0  0  0  0  0  0  0  0  0  0  0  0  0  0  0  0  0  0  0  0  0  0  0  0  0  0  0  0  0  0  0  0  0  0  0  0  0  0  0  0  0  0  0  0  0  0  0  0  0  0  0  0  0  0  0  0  0  0  0  0  0  0  0  0  0  0  0  0  0  0  0 
 89  81  54  53  113  74  42  149  116  129  115  122  105  69  36  103  114  49  82  56  101  122  86  34  88  0  0  0  0  0  0  0  0  0  0  0  0  0  0  0  0  0  0  0  0  0  0  0  0  0  0  0  0  0  0  0  0  0  0  0  0  0  0  0  0  0  0  0  0  0  0  0  0  0  0  0  0  0  0  0  0  0  0  0  0  0  0  0  0  0  0  0  0  0  0  0  0  0  0  0 
 92  71  25  108  107  88  80  134  50  132  30  44  100  139  121  119  107  88  79  73  127  109  107  75  104  0  0  0  0  0  0  0  0  0  0  0  0  0  0  0  0  0  0  0  0  0  0  0  0  0  0  0  0  0  0  0  0  0  0  0  0  0  0  0  0  0  0  0  0  0  0  0  0  0  0  0  0  0  0  0  0  0  0  0  0  0  0  0  0  0  0  0  0  0  0  0  0  0  0  0 
 186  230  227  69  210  171  64  193  218  72  146  99  171  202  198  216  212  195  146  196  216  228  235  186  216  0  0  0  0  0  0  0  0  0  0  0  0  0  0  0  0  0  0  0  0  0  0  0  0  0  0  0  0  0  0  0  0  0  0  0  0  0  0  0  0  0  0  0  0  0  0  0  0  0  0  0  0  0  0  0  0  0  0  0  0  0  0  0  0  0  0  0  0  0  0  0  0  0  0  0 
 52  52  217  149  197  72  165  222  227  164  106  159  169  163  106  225  208  207  48  95  186  109  93  74  196  0  0  0  0  0  0  0  0  0  0  0  0  0  0  0  0  0  0  0  0  0  0  0  0  0  0  0  0  0  0  0  0  0  0  0  0  0  0  0  0  0  0  0  0  0  0  0  0  0  0  0  0  0  0  0  0  0  0  0  0  0  0  0  0  0  0  0  0  0  0  0  0  0  0  0 
 389  290  311  293  335  302  313  374  330  399  339  340  326  385  313  350  314  397  329  390  349  360  340  393  349  374  329  306  292  354  306  256  394  333  331  362  367  392  376  376  372  328  280  342  271  365  313  349  391  297  0  0  0  0  0  0  0  0  0  0  0  0  0  0  0  0  0  0  0  0  0  0  0  0  0  0  0  0  0  0  0  0  0  0  0  0  0  0  0  0  0  0  0  0  0  0  0  0  0  0 
 276  384  155  205  342  248  327  364  328  172  286  294  351  211  382  308  374  380  314  184  346  232  345  200  392  332  205  296  230  359  350  357  220  351  157  347  390  286  341  341  180  298  268  234  378  387  232  364  300  330  0  0  0  0  0  0  0  0  0  0  0  0  0  0  0  0  0  0  0  0  0  0  0  0  0  0  0  0  0  0  0  0  0  0  0  0  0  0  0  0  0  0  0  0  0  0  0  0  0  0 
 275  280  219  134  250  194  137  240  134  299  274  150  138  173  220  269  195  256  228  253  186  276  247  251  137  297  165  210  242  171  244  204  146  175  256  287  248  303  250  242  257  143  146  209  241  249  252  247  184  201  0  0  0  0  0  0  0  0  0  0  0  0  0  0  0  0  0  0  0  0  0  0  0  0  0  0  0  0  0  0  0  0  0  0  0  0  0  0  0  0  0  0  0  0  0  0  0  0  0  0 
 173  146  167  224  250  150  232  254  147  241  219  56  139  205  237  278  166  274  152  301  97  122  193  149  221  154  116  142  161  183  131  206  248  171  212  215  265  54  148  233  62  176  139  208  75  69  156  40  80  202  0  0  0  0  0  0  0  0  0  0  0  0  0  0  0  0  0  0  0  0  0  0  0  0  0  0  0  0  0  0  0  0  0  0  0  0  0  0  0  0  0  0  0  0  0  0  0  0  0  0 
 514  474  480  428  380  475  474  360  400  408  457  387  374  416  346  416  407  389  377  511  514  465  378  398  513  433  430  495  489  423  420  325  445  364  363  439  485  311  463  377  515  454  424  489  397  349  406  467  336  316  0  0  0  0  0  0  0  0  0  0  0  0  0  0  0  0  0  0  0  0  0  0  0  0  0  0  0  0  0  0  0  0  0  0  0  0  0  0  0  0  0  0  0  0  0  0  0  0  0  0 
 623  725  671  788  629  491  776  784  686  759  649  642  724  733  632  544  583  746  740  644  651  635  737  768  765  595  637  752  766  737  677  586  665  729  706  701  683  718  659  669  615  576  784  746  727  711  598  566  719  681  542  702  612  634  612  779  782  627  633  787  745  518  617  643  674  653  738  733  629  612  555  676  778  673  527  674  733  560  629  634  774  699  771  633  675  605  684  724  784  661  621  566  695  642  545  751  604  668  730  700 
 497  412  220  363  173  534  390  453  351  273  150  245  170  307  488  303  399  56  356  160  471  171  139  319  73  334  287  362  517  380  494  462  113  379  583  201  214  373  277  186  286  248  527  530  361  279  476  528  299  191  349  419  333  471  476  200  538  393  524  212  441  330  417  374  584  449  540  348  377  161  439  437  228  353  457  139  382  412  362  391  259  86  352  549  217  294  356  459  142  341  187  244  389  436  240  323  380  47  86  327 
 253  421  233  296  206  426  306  451  234  188  497  559  355  392  421  421  195  440  275  374  399  299  232  335  397  449  191  151  317  314  269  410  146  212  256  423  479  256  341  493  339  349  498  380  405  352  331  219  268  250  140  421  258  272  308  480  549  447  305  461  101  348  483  503  69  42  125  402  53  396  411  263  494  236  363  374  348  359  479  530  328  432  382  439  434  235  232  404  397  513  249  471  422  519  342  472  486  310  305  107 
 496  754  588  560  648  780  741  430  613  661  575  764  514  714  539  378  785  572  691  646  730  605  595  703  677  308  522  577  411  758  725  680  675  526  434  438  664  756  531  492  647  573  351  534  773  632  620  525  771  672  605  796  622  567  355  715  674  599  425  637  696  400  365  625  433  625  717  673  396  629  574  771  763  713  652  534  693  747  507  615  503  667  643  704  561  550  605  710  559  424  644  421  607  350  513  738  774  663  658  653 
 103  552  525  349  242  579  662  484  331  492  307  427  510  595  131  432  612  110  98  188  215  195  415  354  540  294  330  477  507  437  193  105  296  425  588  326  424  659  453  432  174  367  356  99  562  530  47  295  645  590  445  61  416  544  360  569  258  574  385  414  385  263  622  557  324  249  507  194  35  241  373  534  379  120  607  248  409  325  351  282  621  402  200  173  454  511  402  415  191  46  155  376  436  111  306  292  138  404  306  295 
 110  113  112  111  103  100  97  128  113  120  105  108  120  111  105  123  104  97  124  126  109  113  127  98  120  0  0  0  0  0  0  0  0  0  0  0  0  0  0  0  0  0  0  0  0  0  0  0  0  0  0  0  0  0  0  0  0  0  0  0  0  0  0  0  0  0  0  0  0  0  0  0  0  0  0  0  0  0  0  0  0  0  0  0  0  0  0  0  0  0  0  0  0  0  0  0  0  0  0  0 
 83  67  58  104  89  93  67  67  57  92  102  95  97  65  84  103  102  66  85  82  89  104  57  78  73  0  0  0  0  0  0  0  0  0  0  0  0  0  0  0  0  0  0  0  0  0  0  0  0  0  0  0  0  0  0  0  0  0  0  0  0  0  0  0  0  0  0  0  0  0  0  0  0  0  0  0  0  0  0  0  0  0  0  0  0  0  0  0  0  0  0  0  0  0  0  0  0  0  0  0 
 11  71  67  62  41  59  63  57  34  25  41  57  10  54  64  17  31  71  36  42  71  58  45  25  62  0  0  0  0  0  0  0  0  0  0  0  0  0  0  0  0  0  0  0  0  0  0  0  0  0  0  0  0  0  0  0  0  0  0  0  0  0  0  0  0  0  0  0  0  0  0  0  0  0  0  0  0  0  0  0  0  0  0  0  0  0  0  0  0  0  0  0  0  0  0  0  0  0  0  0 
 108  79  81  121  96  127  130  142  132  118  97  99  143  129  128  91  78  102  79  136  102  121  79  139  96  0  0  0  0  0  0  0  0  0  0  0  0  0  0  0  0  0  0  0  0  0  0  0  0  0  0  0  0  0  0  0  0  0  0  0  0  0  0  0  0  0  0  0  0  0  0  0  0  0  0  0  0  0  0  0  0  0  0  0  0  0  0  0  0  0  0  0  0  0  0  0  0  0  0  0 
 60  88  76  82  61  44  72  1  24  7  79  86  74  41  49  65  79  44  91  51  75  34  81  51  51  0  0  0  0  0  0  0  0  0  0  0  0  0  0  0  0  0  0  0  0  0  0  0  0  0  0  0  0  0  0  0  0  0  0  0  0  0  0  0  0  0  0  0  0  0  0  0  0  0  0  0  0  0  0  0  0  0  0  0  0  0  0  0  0  0  0  0  0  0  0  0  0  0  0  0 
 70  103  75  90  102  108  127  93  81  95  96  129  124  88  81  102  110  84  125  98  86  127  90  64  89  0  0  0  0  0  0  0  0  0  0  0  0  0  0  0  0  0  0  0  0  0  0  0  0  0  0  0  0  0  0  0  0  0  0  0  0  0  0  0  0  0  0  0  0  0  0  0  0  0  0  0  0  0  0  0  0  0  0  0  0  0  0  0  0  0  0  0  0  0  0  0  0  0  0  0 
 108  79  85  95  94  98  111  72  108  111  114  87  77  92  83  82  85  67  115  84  90  86  98  98  104  0  0  0  0  0  0  0  0  0  0  0  0  0  0  0  0  0  0  0  0  0  0  0  0  0  0  0  0  0  0  0  0  0  0  0  0  0  0  0  0  0  0  0  0  0  0  0  0  0  0  0  0  0  0  0  0  0  0  0  0  0  0  0  0  0  0  0  0  0  0  0  0  0  0  0 
 69  46  67  61  46  61  16  50  30  68  35  38  65  9  75  56  14  74  50  75  32  46  54  53  9  0  0  0  0  0  0  0  0  0  0  0  0  0  0  0  0  0  0  0  0  0  0  0  0  0  0  0  0  0  0  0  0  0  0  0  0  0  0  0  0  0  0  0  0  0  0  0  0  0  0  0  0  0  0  0  0  0  0  0  0  0  0  0  0  0  0  0  0  0  0  0  0  0  0  0 
 63  76  89  98  102  57  75  48  60  74  94  87  103  86  90  116  59  83  102  90  96  59  65  79  111  0  0  0  0  0  0  0  0  0  0  0  0  0  0  0  0  0  0  0  0  0  0  0  0  0  0  0  0  0  0  0  0  0  0  0  0  0  0  0  0  0  0  0  0  0  0  0  0  0  0  0  0  0  0  0  0  0  0  0  0  0  0  0  0  0  0  0  0  0  0  0  0  0  0  0 
 141  92  147  151  148  95  80  171  122  155  109  141  180  96  113  91  96  125  156  85  122  114  102  109  158  0  0  0  0  0  0  0  0  0  0  0  0  0  0  0  0  0  0  0  0  0  0  0  0  0  0  0  0  0  0  0  0  0  0  0  0  0  0  0  0  0  0  0  0  0  0  0  0  0  0  0  0  0  0  0  0  0  0  0  0  0  0  0  0  0  0  0  0  0  0  0  0  0  0  0 
 282  249  267  228  182  241  276  215  255  267  214  256  205  272  230  148  230  170  166  201  191  164  192  197  156  173  264  147  207  175  251  209  267  168  264  245  176  153  271  177  235  214  201  220  171  158  234  225  231  228  0  0  0  0  0  0  0  0  0  0  0  0  0  0  0  0  0  0  0  0  0  0  0  0  0  0  0  0  0  0  0  0  0  0  0  0  0  0  0  0  0  0  0  0  0  0  0  0  0  0 
 35  67  171  166  117  63  123  70  63  89  160  97  130  109  62  64  134  68  117  116  48  80  81  114  148  83  78  24  17  101  90  94  110  110  47  57  100  103  115  90  51  43  134  130  26  134  79  112  94  25  0  0  0  0  0  0  0  0  0  0  0  0  0  0  0  0  0  0  0  0  0  0  0  0  0  0  0  0  0  0  0  0  0  0  0  0  0  0  0  0  0  0  0  0  0  0  0  0  0  0 
 210  211  272  245  150  183  243  205  204  204  219  220  193  201  162  278  187  221  170  256  182  217  236  142  271  165  251  234  241  246  289  243  200  163  247  160  149  251  243  174  271  202  208  193  231  216  201  217  250  242  0  0  0  0  0  0  0  0  0  0  0  0  0  0  0  0  0  0  0  0  0  0  0  0  0  0  0  0  0  0  0  0  0  0  0  0  0  0  0  0  0  0  0  0  0  0  0  0  0  0 
 132  222  63  114  214  136  89  200  83  135  109  21  64  63  121  129  183  147  56  72  58  147  79  47  157  148  116  160  205  34  71  91  92  124  92  126  214  114  121  172  128  152  136  38  205  48  156  131  128  145  0  0  0  0  0  0  0  0  0  0  0  0  0  0  0  0  0  0  0  0  0  0  0  0  0  0  0  0  0  0  0  0  0  0  0  0  0  0  0  0  0  0  0  0  0  0  0  0  0  0 
 139  284  121  209  148  203  259  116  286  238  132  187  211  142  283  205  322  273  298  160  156  284  168  226  229  184  186  138  238  174  305  240  145  157  219  211  287  195  144  217  93  186  129  187  208  194  275  269  283  115  0  0  0  0  0  0  0  0  0  0  0  0  0  0  0  0  0  0  0  0  0  0  0  0  0  0  0  0  0  0  0  0  0  0  0  0  0  0  0  0  0  0  0  0  0  0  0  0  0  0 
 356  444  359  326  423  308  299  348  375  240  227  364  312  459  390  299  449  332  300  302  264  422  425  395  305  457  381  402  393  367  459  343  335  181  321  302  337  385  327  206  277  428  401  246  465  304  408  437  441  372  369  356  352  342  277  318  429  270  366  377  389  308  452  305  377  286  290  466  319  291  417  317  464  194  205  384  390  457  404  455  394  327  392  448  182  349  370  439  440  369  264  260  213  340  191  305  396  190  372  356 
 308  336  393  357  286  405  315  347  320  378  310  364  405  398  327  259  404  369  388  303  299  323  430  398  351  290  361  428  322  372  382  346  432  392  329  330  307  375  323  295  296  306  405  355  384  288  384  409  406  349  315  329  358  292  345  274  347  318  401  240  401  386  328  395  363  377  416  271  306  326  398  326  440  332  244  444  390  435  385  358  448  351  298  323  417  379  443  359  393  391  320  369  260  409  416  358  323  247  412  313 
 309  344  301  215  338  297  314  149  197  240  215  282  303  384  312  306  269  343  276  396  295  216  323  304  316  253  348  284  296  136  321  304  244  222  371  394  383  284  265  268  326  281  388  357  227  256  293  263  293  262  304  169  198  190  329  361  323  314  259  267  370  294  332  323  335  341  318  332  291  374  235  232  216  219  232  230  358  284  276  245  283  268  200  152  370  243  157  214  303  294  327  260  177  275  315  331  302  178  108  298 
 279  464  493  375  537  499  399  516  379  435  392  517  515  450  451  361  450  390  337  367  458  402  445  360  388  461  356  502  450  340  396  417  526  460  507  259  369  486  428  410  510  439  476  464  492  455  533  492  440  454  254  387  509  537  449  518  312  473  303  325  344  420  428  503  525  360  399  294  385  398  443  380  366  477  529  325  476  376  397  306  378  483  519  364  375  391  378  377  441  431  518  421  276  500  457  392  455  436  455  356 
 435  450  84  169  309  248  362  378  250  294  151  224  226  423  409  84  134  431  275  363  381  276  72  319  468  319  187  439  55  288  354  61  219  433  151  136  10  265  384  314  84  383  271  194  250  396  269  226  319  96  385  332  277  229  423  351  452  385  87  210  443  386  422  320  379  323  196  358  429  111  466  293  310  276  187  273  142  219  129  356  396  33  88  440  396  376  452  201  285  412  434  170  428  284  199  359  276  463  355  326 
 71  39  39  41  16  20  31  64  12  35  52  71  53  72  75  74  62  64  85  66  49  10  44  60  18  0  0  0  0  0  0  0  0  0  0  0  0  0  0  0  0  0  0  0  0  0  0  0  0  0  0  0  0  0  0  0  0  0  0  0  0  0  0  0  0  0  0  0  0  0  0  0  0  0  0  0  0  0  0  0  0  0  0  0  0  0  0  0  0  0  0  0  0  0  0  0  0  0  0  0 
 72  97  50  84  69  58  68  83  42  57  69  97  90  89  89  37  60  73  95  99  74  86  99  65  87  0  0  0  0  0  0  0  0  0  0  0  0  0  0  0  0  0  0  0  0  0  0  0  0  0  0  0  0  0  0  0  0  0  0  0  0  0  0  0  0  0  0  0  0  0  0  0  0  0  0  0  0  0  0  0  0  0  0  0  0  0  0  0  0  0  0  0  0  0  0  0  0  0  0  0 
 78  53  81  49  30  41  46  48  67  38  84  45  80  62  77  56  42  81  34  43  81  74  63  75  40  0  0  0  0  0  0  0  0  0  0  0  0  0  0  0  0  0  0  0  0  0  0  0  0  0  0  0  0  0  0  0  0  0  0  0  0  0  0  0  0  0  0  0  0  0  0  0  0  0  0  0  0  0  0  0  0  0  0  0  0  0  0  0  0  0  0  0  0  0  0  0  0  0  0  0 
 87  110  93  80  77  66  64  73  81  98  71  111  104  84  107  86  97  90  94  90  91  108  97  100  84  0  0  0  0  0  0  0  0  0  0  0  0  0  0  0  0  0  0  0  0  0  0  0  0  0  0  0  0  0  0  0  0  0  0  0  0  0  0  0  0  0  0  0  0  0  0  0  0  0  0  0  0  0  0  0  0  0  0  0  0  0  0  0  0  0  0  0  0  0  0  0  0  0  0  0 
 91  64  71  102  68  117  107  88  95  100  91  107  63  102  93  89  98  60  79  84  86  73  103  98  73  0  0  0  0  0  0  0  0  0  0  0  0  0  0  0  0  0  0  0  0  0  0  0  0  0  0  0  0  0  0  0  0  0  0  0  0  0  0  0  0  0  0  0  0  0  0  0  0  0  0  0  0  0  0  0  0  0  0  0  0  0  0  0  0  0  0  0  0  0  0  0  0  0  0  0 
 124  100  99  96  93  103  85  124  94  97  106  75  124  101  80  122  96  113  75  122  78  93  77  124  105  0  0  0  0  0  0  0  0  0  0  0  0  0  0  0  0  0  0  0  0  0  0  0  0  0  0  0  0  0  0  0  0  0  0  0  0  0  0  0  0  0  0  0  0  0  0  0  0  0  0  0  0  0  0  0  0  0  0  0  0  0  0  0  0  0  0  0  0  0  0  0  0  0  0  0 
 94  118  100  79  62  72  63  65  92  76  81  86  94  124  75  112  107  97  127  78  102  119  43  87  89  0  0  0  0  0  0  0  0  0  0  0  0  0  0  0  0  0  0  0  0  0  0  0  0  0  0  0  0  0  0  0  0  0  0  0  0  0  0  0  0  0  0  0  0  0  0  0  0  0  0  0  0  0  0  0  0  0  0  0  0  0  0  0  0  0  0  0  0  0  0  0  0  0  0  0 
 109  116  100  109  148  123  112  123  157  146  107  141  147  141  86  90  129  137  124  83  144  144  116  149  93  0  0  0  0  0  0  0  0  0  0  0  0  0  0  0  0  0  0  0  0  0  0  0  0  0  0  0  0  0  0  0  0  0  0  0  0  0  0  0  0  0  0  0  0  0  0  0  0  0  0  0  0  0  0  0  0  0  0  0  0  0  0  0  0  0  0  0  0  0  0  0  0  0  0  0 
 40  43  51  21  55  39  8  15  36  61  59  68  87  32  43  82  101  62  41  54  60  7  59  87  34  0  0  0  0  0  0  0  0  0  0  0  0  0  0  0  0  0  0  0  0  0  0  0  0  0  0  0  0  0  0  0  0  0  0  0  0  0  0  0  0  0  0  0  0  0  0  0  0  0  0  0  0  0  0  0  0  0  0  0  0  0  0  0  0  0  0  0  0  0  0  0  0  0  0  0 
 66  14  61  59  16  48  107  67  105  86  76  72  92  92  74  42  16  50  97  109  51  110  20  78  111  0  0  0  0  0  0  0  0  0  0  0  0  0  0  0  0  0  0  0  0  0  0  0  0  0  0  0  0  0  0  0  0  0  0  0  0  0  0  0  0  0  0  0  0  0  0  0  0  0  0  0  0  0  0  0  0  0  0  0  0  0  0  0  0  0  0  0  0  0  0  0  0  0  0  0 
 140  139  161  56  166  150  155  179  154  102  174  167  127  160  149  148  108  151  147  177  76  61  142  131  168  106  85  151  179  104  185  105  189  119  146  158  153  90  169  169  155  81  87  141  177  178  168  196  116  149  0  0  0  0  0  0  0  0  0  0  0  0  0  0  0  0  0  0  0  0  0  0  0  0  0  0  0  0  0  0  0  0  0  0  0  0  0  0  0  0  0  0  0  0  0  0  0  0  0  0 
 186  178  133  159  198  188  202  187  112  218  184  149  186  174  171  183  171  182  198  198  165  201  132  203  126  210  173  215  195  206  156  172  204  165  198  166  118  172  207  176  180  152  177  206  142  138  172  208  216  196  0  0  0  0  0  0  0  0  0  0  0  0  0  0  0  0  0  0  0  0  0  0  0  0  0  0  0  0  0  0  0  0  0  0  0  0  0  0  0  0  0  0  0  0  0  0  0  0  0  0 
 187  157  200  134  196  214  192  202  196  215  152  166  134  182  155  202  214  212  197  202  210  136  209  137  214  135  119  102  149  161  179  180  139  148  167  152  168  200  186  170  162  192  185  183  196  201  128  142  130  157  0  0  0  0  0  0  0  0  0  0  0  0  0  0  0  0  0  0  0  0  0  0  0  0  0  0  0  0  0  0  0  0  0  0  0  0  0  0  0  0  0  0  0  0  0  0  0  0  0  0 
 177  173  201  237  216  240  151  227  199  262  262  245  221  190  201  227  230  239  261  208  198  258  242  209  174  182  245  197  244  187  251  251  209  174  227  246  200  184  257  165  206  259  153  165  180  252  186  219  233  172  0  0  0  0  0  0  0  0  0  0  0  0  0  0  0  0  0  0  0  0  0  0  0  0  0  0  0  0  0  0  0  0  0  0  0  0  0  0  0  0  0  0  0  0  0  0  0  0  0  0 
 195  228  149  109  131  219  174  180  221  210  207  82  175  179  148  195  171  224  156  143  146  144  114  210  143  98  190  175  155  154  213  171  108  124  223  136  216  132  219  193  201  205  219  187  180  202  167  129  216  188  0  0  0  0  0  0  0  0  0  0  0  0  0  0  0  0  0  0  0  0  0  0  0  0  0  0  0  0  0  0  0  0  0  0  0  0  0  0  0  0  0  0  0  0  0  0  0  0  0  0 
 394  437  398  523  450  538  406  480  397  502  511  519  529  465  378  514  525  349  453  357  314  437  462  425  537  520  464  385  329  432  356  409  401  364  385  439  536  443  420  519  444  444  415  493  356  409  441  335  332  476  345  388  451  492  543  553  514  350  490  484  399  538  537  476  355  369  429  426  288  420  553  382  434  425  501  489  513  518  483  442  437  432  428  400  375  416  548  283  351  372  491  401  377  433  393  376  381  352  381  388 
 373  281  369  387  353  197  303  230  331  109  310  434  472  230  200  263  295  375  451  453  470  351  355  258  465  483  452  237  416  429  265  261  408  371  316  205  418  418  409  418  162  350  360  485  355  473  373  405  287  225  370  399  392  386  146  436  273  494  221  335  281  431  268  487  161  351  357  398  391  434  405  263  212  161  391  198  279  349  239  274  486  257  246  407  207  433  377  429  435  289  263  496  448  500  449  459  183  156  381  263 
 86  196  68  48  274  181  282  400  159  305  378  210  216  392  275  84  249  291  354  343  114  398  312  240  332  227  140  219  236  352  211  100  289  156  117  360  416  395  272  339  361  232  179  138  191  250  292  360  250  402  409  232  186  290  330  74  242  308  394  292  422  257  384  178  370  280  358  169  396  310  235  373  118  234  251  337  173  281  282  158  397  6  304  273  312  32  136  280  420  216  176  389  261  242  375  301  262  170  192  205 
 257  377  295  168  432  149  454  524  219  283  403  427  499  371  450  325  196  297  229  296  339  287  296  93  427  468  109  236  542  543  342  477  451  448  327  289  519  229  338  281  543  420  369  500  211  429  545  382  375  370  381  307  447  253  312  542  85  174  524  140  484  376  548  559  187  285  303  259  293  400  383  227  548  246  243  290  439  255  331  177  448  373  340  230  184  331  230  307  172  244  354  479  518  340  112  231  438  431  242  229 
 472  308  603  495  577  378  449  443  511  221  242  478  397  390  537  507  631  303  543  511  455  274  454  288  489  495  303  557  442  205  251  492  590  521  503  258  443  430  441  619  408  592  262  279  288  622  525  204  499  466  266  592  260  351  572  315  353  459  539  415  574  544  418  481  507  416  345  391  416  573  445  572  581  633  539  301  529  508  638  255  443  528  481  393  551  339  228  607  230  482  299  327  519  291  453  292  409  357  520  491 
