120 100
 77  70  83  27  74  11  33  64  92  55  27  53  0  0  0  0  0  0  0  0  0  0  0  0  0  0  0  0  0  0  0  0  0  0  0  0  0  0  0  0  0  0  0  0  0  0  0  0  0  0  0  0  0  0  0  0  0  0  0  0  0  0  0  0  0  0  0  0  0  0  0  0  0  0  0  0  0  0  0  0  0  0  0  0  0  0  0  0  0  0  0  0  0  0  0  0  0  0  0  0 
 68  85  79  42  12  66  44  68  62  43  0  51  0  0  0  0  0  0  0  0  0  0  0  0  0  0  0  0  0  0  0  0  0  0  0  0  0  0  0  0  0  0  0  0  0  0  0  0  0  0  0  0  0  0  0  0  0  0  0  0  0  0  0  0  0  0  0  0  0  0  0  0  0  0  0  0  0  0  0  0  0  0  0  0  0  0  0  0  0  0  0  0  0  0  0  0  0  0  0  0 
 23  25  65  80  48  55  22  55  0  38  30  8  0  0  0  0  0  0  0  0  0  0  0  0  0  0  0  0  0  0  0  0  0  0  0  0  0  0  0  0  0  0  0  0  0  0  0  0  0  0  0  0  0  0  0  0  0  0  0  0  0  0  0  0  0  0  0  0  0  0  0  0  0  0  0  0  0  0  0  0  0  0  0  0  0  0  0  0  0  0  0  0  0  0  0  0  0  0  0  0 
 58  46  16  51  81  52  49  28  68  24  54  83  0  0  0  0  0  0  0  0  0  0  0  0  0  0  0  0  0  0  0  0  0  0  0  0  0  0  0  0  0  0  0  0  0  0  0  0  0  0  0  0  0  0  0  0  0  0  0  0  0  0  0  0  0  0  0  0  0  0  0  0  0  0  0  0  0  0  0  0  0  0  0  0  0  0  0  0  0  0  0  0  0  0  0  0  0  0  0  0 
 70  21  20  67  37  64  61  10  37  69  64  44  0  0  0  0  0  0  0  0  0  0  0  0  0  0  0  0  0  0  0  0  0  0  0  0  0  0  0  0  0  0  0  0  0  0  0  0  0  0  0  0  0  0  0  0  0  0  0  0  0  0  0  0  0  0  0  0  0  0  0  0  0  0  0  0  0  0  0  0  0  0  0  0  0  0  0  0  0  0  0  0  0  0  0  0  0  0  0  0 
 160  132  145  185  103  136  101  148  183  195  198  155  6  40  44  88  97  163  10  102  91  167  15  16  18  0  0  0  0  0  0  0  0  0  0  0  0  0  0  0  0  0  0  0  0  0  0  0  0  0  0  0  0  0  0  0  0  0  0  0  0  0  0  0  0  0  0  0  0  0  0  0  0  0  0  0  0  0  0  0  0  0  0  0  0  0  0  0  0  0  0  0  0  0  0  0  0  0  0  0 
 205  219  196  37  173  146  68  189  125  89  125  129  175  53  41  105  132  113  83  144  97  65  212  208  157  0  0  0  0  0  0  0  0  0  0  0  0  0  0  0  0  0  0  0  0  0  0  0  0  0  0  0  0  0  0  0  0  0  0  0  0  0  0  0  0  0  0  0  0  0  0  0  0  0  0  0  0  0  0  0  0  0  0  0  0  0  0  0  0  0  0  0  0  0  0  0  0  0  0  0 
 2  75  86  174  152  42  62  189  50  166  125  143  138  187  107  124  198  185  185  206  15  73  202  153  49  0  0  0  0  0  0  0  0  0  0  0  0  0  0  0  0  0  0  0  0  0  0  0  0  0  0  0  0  0  0  0  0  0  0  0  0  0  0  0  0  0  0  0  0  0  0  0  0  0  0  0  0  0  0  0  0  0  0  0  0  0  0  0  0  0  0  0  0  0  0  0  0  0  0  0 
 171  163  123  94  205  28  207  205  92  88  161  117  118  116  80  37  76  86  164  184  32  80  182  84  5  0  0  0  0  0  0  0  0  0  0  0  0  0  0  0  0  0  0  0  0  0  0  0  0  0  0  0  0  0  0  0  0  0  0  0  0  0  0  0  0  0  0  0  0  0  0  0  0  0  0  0  0  0  0  0  0  0  0  0  0  0  0  0  0  0  0  0  0  0  0  0  0  0  0  0 
 64  151  118  71  169  174  183  22  121  169  78  64  162  17  165  95  185  123  104  134  164  65  101  48  5  0  0  0  0  0  0  0  0  0  0  0  0  0  0  0  0  0  0  0  0  0  0  0  0  0  0  0  0  0  0  0  0  0  0  0  0  0  0  0  0  0  0  0  0  0  0  0  0  0  0  0  0  0  0  0  0  0  0  0  0  0  0  0  0  0  0  0  0  0  0  0  0  0  0  0 
 263  45  365  352  381  356  263  178  230  295  0  358  416  142  189  341  161  137  273  339  326  410  144  193  231  77  132  286  343  303  260  387  99  397  369  375  313  351  163  353  323  405  92  188  68  304  2  288  186  372  0  0  0  0  0  0  0  0  0  0  0  0  0  0  0  0  0  0  0  0  0  0  0  0  0  0  0  0  0  0  0  0  0  0  0  0  0  0  0  0  0  0  0  0  0  0  0  0  0  0 
 113  302  179  208  222  102  122  389  264  331  248  95  303  144  261  304  228  95  179  339  42  164  51  125  156  362  71  152  280  316  114  168  359  123  249  92  271  142  245  280  135  50  13  246  202  286  209  277  345  261  0  0  0  0  0  0  0  0  0  0  0  0  0  0  0  0  0  0  0  0  0  0  0  0  0  0  0  0  0  0  0  0  0  0  0  0  0  0  0  0  0  0  0  0  0  0  0  0  0  0 
 180  9  329  357  318  263  395  270  33  179  111  192  250  168  321  135  291  337  301  320  26  301  260  15  323  280  190  50  161  84  91  259  70  269  315  232  310  163  150  28  46  395  207  348  91  48  243  253  34  368  0  0  0  0  0  0  0  0  0  0  0  0  0  0  0  0  0  0  0  0  0  0  0  0  0  0  0  0  0  0  0  0  0  0  0  0  0  0  0  0  0  0  0  0  0  0  0  0  0  0 
 335  288  110  17  40  147  139  326  389  87  113  375  65  376  40  278  181  327  38  106  33  95  37  246  180  258  196  302  53  239  258  251  180  279  225  298  395  23  248  85  300  202  303  56  236  153  138  230  364  145  0  0  0  0  0  0  0  0  0  0  0  0  0  0  0  0  0  0  0  0  0  0  0  0  0  0  0  0  0  0  0  0  0  0  0  0  0  0  0  0  0  0  0  0  0  0  0  0  0  0 
 94  222  343  282  229  155  158  160  256  192  265  256  295  150  407  32  114  169  47  416  277  115  39  121  427  93  317  154  76  359  16  111  272  229  407  33  376  320  389  340  214  179  339  66  63  417  192  343  58  164  0  0  0  0  0  0  0  0  0  0  0  0  0  0  0  0  0  0  0  0  0  0  0  0  0  0  0  0  0  0  0  0  0  0  0  0  0  0  0  0  0  0  0  0  0  0  0  0  0  0 
 282  620  815  558  446  500  732  360  330  6  712  543  257  151  723  148  901  99  908  22  874  668  105  900  570  420  615  666  842  781  639  556  237  670  26  412  904  889  534  386  806  539  57  109  829  468  85  885  785  440  45  306  263  517  119  610  397  6  274  151  104  103  826  736  333  569  378  74  404  296  657  613  186  572  345  539  422  237  548  735  447  186  407  819  555  796  507  380  843  550  337  778  613  624  902  754  898  293  488  606 
 886  441  832  209  156  35  204  847  711  393  787  468  149  313  142  454  673  576  666  539  564  602  843  845  483  457  271  291  584  845  355  423  714  771  261  648  126  160  119  481  704  245  199  262  637  653  80  89  549  315  775  782  24  780  857  438  721  514  472  354  467  274  624  122  888  580  76  424  99  521  722  775  824  329  59  4  637  306  74  499  475  147  607  665  835  629  26  792  659  503  765  556  760  804  339  377  752  266  606  213 
 624  318  70  393  7  371  858  835  585  229  469  35  812  79  577  818  1  367  161  842  617  108  150  66  517  35  371  587  178  506  247  635  311  775  312  58  420  611  560  287  390  245  791  765  866  123  118  666  43  437  844  431  87  505  821  600  421  605  319  718  149  732  714  696  809  558  359  373  379  768  858  8  264  12  168  221  406  253  245  78  803  475  470  609  785  119  862  644  660  131  584  135  717  305  240  497  378  414  48  434 
 308  892  842  504  514  640  129  673  176  502  479  652  730  153  300  838  255  421  474  93  443  388  901  405  773  761  572  473  164  186  489  200  245  259  701  669  488  857  272  131  325  683  448  177  537  712  895  483  309  741  354  818  264  118  359  661  20  296  111  471  303  820  365  554  459  222  589  716  711  430  672  681  199  358  271  618  882  854  294  221  835  77  739  813  379  801  287  163  44  601  901  733  481  192  472  254  484  428  722  270 
 358  779  266  736  697  240  149  152  507  831  196  102  144  301  635  525  407  450  166  575  43  639  22  526  445  562  319  445  172  231  356  54  812  95  333  172  678  181  41  178  630  588  603  778  763  514  101  116  585  171  560  545  581  492  411  550  810  537  832  758  344  19  824  749  57  221  320  49  418  100  36  340  637  612  711  829  555  471  749  473  535  475  371  710  146  218  48  441  142  146  644  200  357  260  288  375  619  105  454  87 
 78  93  29  65  15  82  13  67  13  98  77  33  0  0  0  0  0  0  0  0  0  0  0  0  0  0  0  0  0  0  0  0  0  0  0  0  0  0  0  0  0  0  0  0  0  0  0  0  0  0  0  0  0  0  0  0  0  0  0  0  0  0  0  0  0  0  0  0  0  0  0  0  0  0  0  0  0  0  0  0  0  0  0  0  0  0  0  0  0  0  0  0  0  0  0  0  0  0  0  0 
 12  77  30  27  71  27  48  48  92  9  38  22  0  0  0  0  0  0  0  0  0  0  0  0  0  0  0  0  0  0  0  0  0  0  0  0  0  0  0  0  0  0  0  0  0  0  0  0  0  0  0  0  0  0  0  0  0  0  0  0  0  0  0  0  0  0  0  0  0  0  0  0  0  0  0  0  0  0  0  0  0  0  0  0  0  0  0  0  0  0  0  0  0  0  0  0  0  0  0  0 
 15  98  1  25  47  31  59  42  56  3  21  19  0  0  0  0  0  0  0  0  0  0  0  0  0  0  0  0  0  0  0  0  0  0  0  0  0  0  0  0  0  0  0  0  0  0  0  0  0  0  0  0  0  0  0  0  0  0  0  0  0  0  0  0  0  0  0  0  0  0  0  0  0  0  0  0  0  0  0  0  0  0  0  0  0  0  0  0  0  0  0  0  0  0  0  0  0  0  0  0 
 58  85  100  48  89  23  4  43  84  34  46  99  0  0  0  0  0  0  0  0  0  0  0  0  0  0  0  0  0  0  0  0  0  0  0  0  0  0  0  0  0  0  0  0  0  0  0  0  0  0  0  0  0  0  0  0  0  0  0  0  0  0  0  0  0  0  0  0  0  0  0  0  0  0  0  0  0  0  0  0  0  0  0  0  0  0  0  0  0  0  0  0  0  0  0  0  0  0  0  0 
 28  83  65  20  48  54  42  6  72  88  36  27  0  0  0  0  0  0  0  0  0  0  0  0  0  0  0  0  0  0  0  0  0  0  0  0  0  0  0  0  0  0  0  0  0  0  0  0  0  0  0  0  0  0  0  0  0  0  0  0  0  0  0  0  0  0  0  0  0  0  0  0  0  0  0  0  0  0  0  0  0  0  0  0  0  0  0  0  0  0  0  0  0  0  0  0  0  0  0  0 
 181  147  124  69  69  136  163  125  228  3  4  47  210  211  12  181  51  114  24  63  162  129  172  155  207  0  0  0  0  0  0  0  0  0  0  0  0  0  0  0  0  0  0  0  0  0  0  0  0  0  0  0  0  0  0  0  0  0  0  0  0  0  0  0  0  0  0  0  0  0  0  0  0  0  0  0  0  0  0  0  0  0  0  0  0  0  0  0  0  0  0  0  0  0  0  0  0  0  0  0 
 109  28  112  43  151  165  149  64  101  77  156  70  83  101  132  165  114  145  145  41  51  185  111  142  130  0  0  0  0  0  0  0  0  0  0  0  0  0  0  0  0  0  0  0  0  0  0  0  0  0  0  0  0  0  0  0  0  0  0  0  0  0  0  0  0  0  0  0  0  0  0  0  0  0  0  0  0  0  0  0  0  0  0  0  0  0  0  0  0  0  0  0  0  0  0  0  0  0  0  0 
 10  207  177  43  91  73  101  189  61  197  134  102  168  145  14  95  65  121  149  137  117  77  45  19  133  0  0  0  0  0  0  0  0  0  0  0  0  0  0  0  0  0  0  0  0  0  0  0  0  0  0  0  0  0  0  0  0  0  0  0  0  0  0  0  0  0  0  0  0  0  0  0  0  0  0  0  0  0  0  0  0  0  0  0  0  0  0  0  0  0  0  0  0  0  0  0  0  0  0  0 
 64  61  74  40  137  63  185  176  167  2  159  139  58  91  104  10  172  2  129  98  127  122  141  49  166  0  0  0  0  0  0  0  0  0  0  0  0  0  0  0  0  0  0  0  0  0  0  0  0  0  0  0  0  0  0  0  0  0  0  0  0  0  0  0  0  0  0  0  0  0  0  0  0  0  0  0  0  0  0  0  0  0  0  0  0  0  0  0  0  0  0  0  0  0  0  0  0  0  0  0 
 14  200  91  117  114  22  115  151  162  123  90  183  134  75  49  88  50  63  33  6  41  81  149  99  134  0  0  0  0  0  0  0  0  0  0  0  0  0  0  0  0  0  0  0  0  0  0  0  0  0  0  0  0  0  0  0  0  0  0  0  0  0  0  0  0  0  0  0  0  0  0  0  0  0  0  0  0  0  0  0  0  0  0  0  0  0  0  0  0  0  0  0  0  0  0  0  0  0  0  0 
 157  371  147  351  87  276  142  297  51  117  229  123  279  18  112  242  68  55  46  403  429  370  1  182  199  62  382  158  119  203  43  184  16  163  106  14  229  307  130  302  359  342  113  299  138  85  215  161  376  154  0  0  0  0  0  0  0  0  0  0  0  0  0  0  0  0  0  0  0  0  0  0  0  0  0  0  0  0  0  0  0  0  0  0  0  0  0  0  0  0  0  0  0  0  0  0  0  0  0  0 
 74  205  422  38  279  26  436  130  357  122  49  35  398  414  370  15  198  207  71  84  348  94  241  93  30  388  352  157  157  395  212  228  417  340  11  400  54  379  186  190  207  264  79  425  353  256  182  402  388  203  0  0  0  0  0  0  0  0  0  0  0  0  0  0  0  0  0  0  0  0  0  0  0  0  0  0  0  0  0  0  0  0  0  0  0  0  0  0  0  0  0  0  0  0  0  0  0  0  0  0 
 115  33  374  297  399  226  239  304  47  339  320  209  279  29  341  391  79  95  270  276  383  362  186  340  101  88  129  166  370  257  15  233  129  168  54  51  231  182  281  298  169  179  136  134  198  227  261  407  164  239  0  0  0  0  0  0  0  0  0  0  0  0  0  0  0  0  0  0  0  0  0  0  0  0  0  0  0  0  0  0  0  0  0  0  0  0  0  0  0  0  0  0  0  0  0  0  0  0  0  0 
 110  390  361  322  40  175  120  212  2  72  289  59  57  386  371  324  47  180  85  334  68  289  152  147  70  80  202  239  316  357  91  184  339  31  25  30  202  27  142  259  145  322  117  300  181  304  314  289  54  179  0  0  0  0  0  0  0  0  0  0  0  0  0  0  0  0  0  0  0  0  0  0  0  0  0  0  0  0  0  0  0  0  0  0  0  0  0  0  0  0  0  0  0  0  0  0  0  0  0  0 
 410  72  164  243  401  434  132  158  77  403  424  302  6  387  409  416  85  406  260  405  334  105  71  127  136  391  119  125  127  299  14  256  166  398  227  10  110  242  415  394  175  245  348  55  333  172  138  76  381  428  0  0  0  0  0  0  0  0  0  0  0  0  0  0  0  0  0  0  0  0  0  0  0  0  0  0  0  0  0  0  0  0  0  0  0  0  0  0  0  0  0  0  0  0  0  0  0  0  0  0 
 781  148  196  518  30  591  442  538  12  447  327  418  12  668  600  422  637  398  729  210  611  226  490  175  508  246  779  65  390  302  161  485  793  830  323  790  662  593  173  720  811  883  104  584  193  326  302  174  864  809  537  312  622  829  414  34  431  157  750  747  11  746  704  703  693  2  616  733  870  264  532  359  637  167  202  603  541  822  369  761  32  408  407  270  279  113  798  147  525  1  613  602  440  399  402  332  385  269  93  316 
 674  230  729  819  597  498  96  472  251  663  664  512  647  684  368  280  580  544  144  426  447  412  443  433  176  759  705  697  358  280  770  82  442  745  748  267  427  563  127  89  62  713  447  469  561  117  593  731  547  252  332  649  209  10  515  211  750  319  564  119  65  161  728  768  704  71  349  73  395  710  382  499  616  37  492  477  761  675  332  434  336  48  685  67  436  213  639  763  505  217  360  239  0  315  501  108  820  470  523  193 
 376  207  530  643  296  221  99  334  0  42  415  188  369  15  74  108  604  751  97  696  853  17  387  278  624  65  465  99  739  723  65  283  423  594  586  822  100  305  119  267  728  534  812  662  344  519  169  471  321  448  522  861  399  593  353  216  404  694  20  504  206  856  219  183  758  311  381  737  112  83  110  251  16  851  621  369  858  577  342  304  637  602  504  700  341  595  501  120  126  809  37  492  608  849  415  182  626  127  246  213 
 240  769  416  85  247  493  600  740  58  179  349  13  629  325  77  404  231  5  105  300  565  498  159  752  23  486  503  811  763  591  712  643  167  434  97  428  573  121  441  215  837  775  372  445  673  634  803  56  623  555  181  286  380  798  119  363  352  125  696  644  786  781  361  76  481  376  741  790  23  763  29  305  497  767  790  623  627  803  385  577  282  740  295  109  483  733  664  730  653  424  146  688  530  280  643  835  14  520  91  642 
 369  618  747  731  802  737  302  53  514  13  14  244  52  840  302  308  672  437  495  190  510  53  277  71  665  604  702  306  565  87  212  826  304  819  470  744  57  105  4  759  609  657  696  700  37  407  493  117  388  618  187  380  159  464  426  537  428  503  297  446  237  109  205  444  707  626  804  347  487  736  122  448  786  697  207  484  268  95  340  644  632  684  49  546  347  139  580  410  156  201  378  784  850  16  740  825  630  197  805  187 
 8  22  25  0  13  36  8  45  15  30  15  15  0  0  0  0  0  0  0  0  0  0  0  0  0  0  0  0  0  0  0  0  0  0  0  0  0  0  0  0  0  0  0  0  0  0  0  0  0  0  0  0  0  0  0  0  0  0  0  0  0  0  0  0  0  0  0  0  0  0  0  0  0  0  0  0  0  0  0  0  0  0  0  0  0  0  0  0  0  0  0  0  0  0  0  0  0  0  0  0 
 12  41  49  26  47  18  26  25  15  40  11  13  0  0  0  0  0  0  0  0  0  0  0  0  0  0  0  0  0  0  0  0  0  0  0  0  0  0  0  0  0  0  0  0  0  0  0  0  0  0  0  0  0  0  0  0  0  0  0  0  0  0  0  0  0  0  0  0  0  0  0  0  0  0  0  0  0  0  0  0  0  0  0  0  0  0  0  0  0  0  0  0  0  0  0  0  0  0  0  0 
 39  30  50  36  27  6  53  24  15  52  19  7  0  0  0  0  0  0  0  0  0  0  0  0  0  0  0  0  0  0  0  0  0  0  0  0  0  0  0  0  0  0  0  0  0  0  0  0  0  0  0  0  0  0  0  0  0  0  0  0  0  0  0  0  0  0  0  0  0  0  0  0  0  0  0  0  0  0  0  0  0  0  0  0  0  0  0  0  0  0  0  0  0  0  0  0  0  0  0  0 
 24  7  27  48  9  22  10  39  18  50  15  14  0  0  0  0  0  0  0  0  0  0  0  0  0  0  0  0  0  0  0  0  0  0  0  0  0  0  0  0  0  0  0  0  0  0  0  0  0  0  0  0  0  0  0  0  0  0  0  0  0  0  0  0  0  0  0  0  0  0  0  0  0  0  0  0  0  0  0  0  0  0  0  0  0  0  0  0  0  0  0  0  0  0  0  0  0  0  0  0 
 28  5  50  51  37  32  17  25  48  51  47  24  0  0  0  0  0  0  0  0  0  0  0  0  0  0  0  0  0  0  0  0  0  0  0  0  0  0  0  0  0  0  0  0  0  0  0  0  0  0  0  0  0  0  0  0  0  0  0  0  0  0  0  0  0  0  0  0  0  0  0  0  0  0  0  0  0  0  0  0  0  0  0  0  0  0  0  0  0  0  0  0  0  0  0  0  0  0  0  0 
 10  79  96  42  103  27  76  43  24  55  63  69  87  19  44  90  77  22  59  58  4  57  9  64  64  0  0  0  0  0  0  0  0  0  0  0  0  0  0  0  0  0  0  0  0  0  0  0  0  0  0  0  0  0  0  0  0  0  0  0  0  0  0  0  0  0  0  0  0  0  0  0  0  0  0  0  0  0  0  0  0  0  0  0  0  0  0  0  0  0  0  0  0  0  0  0  0  0  0  0 
 24  55  59  114  60  43  78  112  73  15  16  57  74  5  13  13  101  87  2  28  11  10  13  26  47  0  0  0  0  0  0  0  0  0  0  0  0  0  0  0  0  0  0  0  0  0  0  0  0  0  0  0  0  0  0  0  0  0  0  0  0  0  0  0  0  0  0  0  0  0  0  0  0  0  0  0  0  0  0  0  0  0  0  0  0  0  0  0  0  0  0  0  0  0  0  0  0  0  0  0 
 12  6  23  75  89  77  23  54  87  88  33  88  64  62  30  20  38  66  17  30  34  46  85  40  14  0  0  0  0  0  0  0  0  0  0  0  0  0  0  0  0  0  0  0  0  0  0  0  0  0  0  0  0  0  0  0  0  0  0  0  0  0  0  0  0  0  0  0  0  0  0  0  0  0  0  0  0  0  0  0  0  0  0  0  0  0  0  0  0  0  0  0  0  0  0  0  0  0  0  0 
 103  99  28  89  92  36  54  41  1  79  14  13  42  18  9  103  96  5  101  48  42  27  90  10  16  0  0  0  0  0  0  0  0  0  0  0  0  0  0  0  0  0  0  0  0  0  0  0  0  0  0  0  0  0  0  0  0  0  0  0  0  0  0  0  0  0  0  0  0  0  0  0  0  0  0  0  0  0  0  0  0  0  0  0  0  0  0  0  0  0  0  0  0  0  0  0  0  0  0  0 
 42  1  59  88  52  73  43  41  24  87  85  53  68  74  71  36  12  86  2  31  11  21  10  20  7  0  0  0  0  0  0  0  0  0  0  0  0  0  0  0  0  0  0  0  0  0  0  0  0  0  0  0  0  0  0  0  0  0  0  0  0  0  0  0  0  0  0  0  0  0  0  0  0  0  0  0  0  0  0  0  0  0  0  0  0  0  0  0  0  0  0  0  0  0  0  0  0  0  0  0 
 138  1  194  111  54  58  112  200  38  24  134  37  92  136  60  198  89  185  16  157  79  33  139  121  30  191  19  82  108  165  134  164  178  38  139  186  132  24  115  85  16  55  113  76  124  83  178  198  34  112  0  0  0  0  0  0  0  0  0  0  0  0  0  0  0  0  0  0  0  0  0  0  0  0  0  0  0  0  0  0  0  0  0  0  0  0  0  0  0  0  0  0  0  0  0  0  0  0  0  0 
 84  69  175  103  39  158  134  189  61  23  8  143  182  188  56  89  71  82  110  182  40  151  4  24  63  14  2  38  150  39  158  187  146  114  86  192  40  129  19  68  42  101  96  4  118  83  45  86  142  92  0  0  0  0  0  0  0  0  0  0  0  0  0  0  0  0  0  0  0  0  0  0  0  0  0  0  0  0  0  0  0  0  0  0  0  0  0  0  0  0  0  0  0  0  0  0  0  0  0  0 
 0  34  61  170  49  4  48  184  177  163  140  170  187  164  104  109  25  173  68  100  205  113  188  100  206  61  57  58  180  199  204  48  109  88  33  41  102  204  77  147  54  148  175  48  89  95  111  201  55  210  0  0  0  0  0  0  0  0  0  0  0  0  0  0  0  0  0  0  0  0  0  0  0  0  0  0  0  0  0  0  0  0  0  0  0  0  0  0  0  0  0  0  0  0  0  0  0  0  0  0 
 10  174  177  156  54  114  114  102  162  157  84  18  41  179  152  28  190  83  99  79  99  200  99  33  65  202  10  158  23  97  7  150  119  12  97  182  56  200  153  72  178  184  149  176  208  154  207  150  83  200  0  0  0  0  0  0  0  0  0  0  0  0  0  0  0  0  0  0  0  0  0  0  0  0  0  0  0  0  0  0  0  0  0  0  0  0  0  0  0  0  0  0  0  0  0  0  0  0  0  0 
 98  30  164  125  41  11  113  163  12  161  33  66  138  15  29  152  64  85  5  85  148  6  88  4  120  25  110  25  62  73  31  198  29  95  178  74  6  168  36  168  175  166  82  82  88  161  56  125  187  142  0  0  0  0  0  0  0  0  0  0  0  0  0  0  0  0  0  0  0  0  0  0  0  0  0  0  0  0  0  0  0  0  0  0  0  0  0  0  0  0  0  0  0  0  0  0  0  0  0  0 
 413  208  111  375  191  416  279  226  66  91  367  253  53  235  324  322  95  393  304  314  236  360  140  403  78  49  96  224  375  127  62  350  322  215  245  312  239  217  13  348  163  17  237  180  231  322  237  353  87  64  34  175  365  101  111  237  82  89  200  75  87  82  367  251  161  272  115  109  82  172  274  223  264  373  255  293  381  374  272  404  359  183  386  194  144  33  146  249  321  157  62  391  111  27  195  72  416  402  63  390 
 346  384  394  155  173  76  268  289  338  117  176  201  50  167  273  80  142  418  229  284  394  328  289  131  374  270  363  401  356  188  358  53  358  280  90  210  227  225  335  134  261  216  206  227  215  395  406  184  64  74  360  168  317  329  305  125  175  33  7  5  67  391  331  245  313  55  245  24  251  310  334  352  253  393  81  3  64  92  304  417  339  403  2  391  395  233  14  284  404  399  176  303  37  243  0  375  210  202  187  369 
 322  318  190  347  368  182  43  223  265  394  30  27  416  21  278  216  313  166  177  101  336  406  20  316  249  325  208  207  81  157  391  150  284  136  101  13  288  159  12  393  260  266  98  326  152  46  338  291  20  85  124  341  268  233  357  105  43  227  278  225  267  73  419  69  352  138  47  258  182  153  98  114  108  9  283  289  30  179  168  296  79  164  75  308  92  229  217  305  375  328  216  116  255  153  397  101  122  44  272  141 
 264  141  291  161  114  68  144  275  330  270  331  194  104  322  37  8  226  144  56  5  327  339  34  294  117  390  217  53  191  316  10  112  386  34  152  181  75  16  232  265  353  16  60  233  326  295  158  160  238  46  267  18  161  189  260  139  275  369  314  235  213  303  371  276  148  77  42  212  350  131  14  103  110  255  28  250  31  360  148  75  39  26  108  331  5  212  288  180  164  196  201  133  186  316  113  207  288  279  31  182 
 254  153  286  30  362  290  416  341  42  175  102  419  99  138  307  103  216  371  318  135  247  32  354  26  137  65  426  148  215  305  329  116  249  296  42  42  329  104  362  31  161  118  374  414  237  352  178  49  401  254  370  353  147  80  246  110  159  156  320  152  150  242  143  383  266  81  180  148  104  58  226  329  68  251  153  23  255  395  385  88  74  278  337  167  297  75  383  421  419  136  398  130  3  175  375  267  109  429  96  423 
 36  38  16  31  19  29  16  6  43  20  43  42  0  0  0  0  0  0  0  0  0  0  0  0  0  0  0  0  0  0  0  0  0  0  0  0  0  0  0  0  0  0  0  0  0  0  0  0  0  0  0  0  0  0  0  0  0  0  0  0  0  0  0  0  0  0  0  0  0  0  0  0  0  0  0  0  0  0  0  0  0  0  0  0  0  0  0  0  0  0  0  0  0  0  0  0  0  0  0  0 
 13  9  4  28  11  0  31  39  46  39  5  9  0  0  0  0  0  0  0  0  0  0  0  0  0  0  0  0  0  0  0  0  0  0  0  0  0  0  0  0  0  0  0  0  0  0  0  0  0  0  0  0  0  0  0  0  0  0  0  0  0  0  0  0  0  0  0  0  0  0  0  0  0  0  0  0  0  0  0  0  0  0  0  0  0  0  0  0  0  0  0  0  0  0  0  0  0  0  0  0 
 0  15  34  15  0  28  9  43  6  33  9  43  0  0  0  0  0  0  0  0  0  0  0  0  0  0  0  0  0  0  0  0  0  0  0  0  0  0  0  0  0  0  0  0  0  0  0  0  0  0  0  0  0  0  0  0  0  0  0  0  0  0  0  0  0  0  0  0  0  0  0  0  0  0  0  0  0  0  0  0  0  0  0  0  0  0  0  0  0  0  0  0  0  0  0  0  0  0  0  0 
 18  34  37  13  48  0  49  50  13  20  43  1  0  0  0  0  0  0  0  0  0  0  0  0  0  0  0  0  0  0  0  0  0  0  0  0  0  0  0  0  0  0  0  0  0  0  0  0  0  0  0  0  0  0  0  0  0  0  0  0  0  0  0  0  0  0  0  0  0  0  0  0  0  0  0  0  0  0  0  0  0  0  0  0  0  0  0  0  0  0  0  0  0  0  0  0  0  0  0  0 
 46  38  43  22  1  16  8  20  3  46  12  35  0  0  0  0  0  0  0  0  0  0  0  0  0  0  0  0  0  0  0  0  0  0  0  0  0  0  0  0  0  0  0  0  0  0  0  0  0  0  0  0  0  0  0  0  0  0  0  0  0  0  0  0  0  0  0  0  0  0  0  0  0  0  0  0  0  0  0  0  0  0  0  0  0  0  0  0  0  0  0  0  0  0  0  0  0  0  0  0 
 89  91  32  58  13  96  70  92  12  48  39  30  16  32  47  100  82  70  7  27  98  74  27  12  102  0  0  0  0  0  0  0  0  0  0  0  0  0  0  0  0  0  0  0  0  0  0  0  0  0  0  0  0  0  0  0  0  0  0  0  0  0  0  0  0  0  0  0  0  0  0  0  0  0  0  0  0  0  0  0  0  0  0  0  0  0  0  0  0  0  0  0  0  0  0  0  0  0  0  0 
 37  31  34  34  88  22  7  103  65  84  89  79  74  20  35  96  98  28  73  55  49  88  67  14  22  0  0  0  0  0  0  0  0  0  0  0  0  0  0  0  0  0  0  0  0  0  0  0  0  0  0  0  0  0  0  0  0  0  0  0  0  0  0  0  0  0  0  0  0  0  0  0  0  0  0  0  0  0  0  0  0  0  0  0  0  0  0  0  0  0  0  0  0  0  0  0  0  0  0  0 
 68  46  1  2  62  63  14  90  27  90  12  25  57  18  13  53  36  50  38  3  77  27  94  29  24  0  0  0  0  0  0  0  0  0  0  0  0  0  0  0  0  0  0  0  0  0  0  0  0  0  0  0  0  0  0  0  0  0  0  0  0  0  0  0  0  0  0  0  0  0  0  0  0  0  0  0  0  0  0  0  0  0  0  0  0  0  0  0  0  0  0  0  0  0  0  0  0  0  0  0 
 74  114  85  2  110  28  20  34  100  31  84  60  109  60  102  103  110  85  29  92  44  113  73  47  98  0  0  0  0  0  0  0  0  0  0  0  0  0  0  0  0  0  0  0  0  0  0  0  0  0  0  0  0  0  0  0  0  0  0  0  0  0  0  0  0  0  0  0  0  0  0  0  0  0  0  0  0  0  0  0  0  0  0  0  0  0  0  0  0  0  0  0  0  0  0  0  0  0  0  0 
 31  28  100  94  7  4  95  15  52  63  59  16  62  4  33  42  65  17  9  34  2  75  11  9  90  0  0  0  0  0  0  0  0  0  0  0  0  0  0  0  0  0  0  0  0  0  0  0  0  0  0  0  0  0  0  0  0  0  0  0  0  0  0  0  0  0  0  0  0  0  0  0  0  0  0  0  0  0  0  0  0  0  0  0  0  0  0  0  0  0  0  0  0  0  0  0  0  0  0  0 
 122  61  137  107  128  69  61  133  180  133  42  3  12  14  43  177  164  132  37  169  179  106  148  81  152  58  154  78  29  160  145  31  179  112  163  3  7  5  24  165  147  75  96  105  47  143  89  151  10  14  0  0  0  0  0  0  0  0  0  0  0  0  0  0  0  0  0  0  0  0  0  0  0  0  0  0  0  0  0  0  0  0  0  0  0  0  0  0  0  0  0  0  0  0  0  0  0  0  0  0 
 107  152  28  95  176  56  186  179  76  61  208  164  28  93  185  141  176  117  116  16  94  28  168  94  204  186  31  190  9  190  96  159  123  187  35  159  175  151  141  170  76  170  59  33  50  105  6  9  131  204  0  0  0  0  0  0  0  0  0  0  0  0  0  0  0  0  0  0  0  0  0  0  0  0  0  0  0  0  0  0  0  0  0  0  0  0  0  0  0  0  0  0  0  0  0  0  0  0  0  0 
 135  160  68  37  151  127  6  57  12  187  127  16  62  101  142  100  113  17  1  110  36  193  110  202  59  133  18  102  5  44  123  58  69  75  26  161  37  136  177  123  96  10  77  84  137  187  71  29  53  142  0  0  0  0  0  0  0  0  0  0  0  0  0  0  0  0  0  0  0  0  0  0  0  0  0  0  0  0  0  0  0  0  0  0  0  0  0  0  0  0  0  0  0  0  0  0  0  0  0  0 
 133  5  41  184  183  27  112  213  18  114  176  25  55  132  206  208  127  216  148  216  10  18  75  21  169  153  59  69  29  170  44  72  146  56  194  158  166  44  25  137  2  86  69  186  43  68  25  20  16  147  0  0  0  0  0  0  0  0  0  0  0  0  0  0  0  0  0  0  0  0  0  0  0  0  0  0  0  0  0  0  0  0  0  0  0  0  0  0  0  0  0  0  0  0  0  0  0  0  0  0 
 37  188  34  63  63  184  179  11  197  67  153  104  148  90  170  145  117  190  37  8  87  181  200  53  47  97  1  46  44  174  179  104  48  79  123  125  140  44  147  158  11  69  102  106  147  10  181  32  23  45  0  0  0  0  0  0  0  0  0  0  0  0  0  0  0  0  0  0  0  0  0  0  0  0  0  0  0  0  0  0  0  0  0  0  0  0  0  0  0  0  0  0  0  0  0  0  0  0  0  0 
 238  348  365  111  356  4  11  238  354  224  352  28  226  149  222  41  111  23  261  211  314  330  191  307  226  78  335  272  338  235  164  148  300  214  282  223  143  167  153  251  300  247  237  350  101  192  230  181  29  47  34  114  35  191  65  333  164  376  135  266  348  17  333  4  54  370  7  116  105  235  143  362  240  362  116  310  336  185  317  163  95  30  236  352  114  287  352  113  312  281  123  172  204  339  19  8  80  215  73  306 
 233  307  17  289  8  349  285  199  68  273  49  181  48  125  346  121  116  3  325  89  218  171  139  39  10  78  82  153  194  380  368  404  93  181  419  111  214  268  192  89  161  161  381  347  196  117  281  253  285  48  209  9  218  387  283  157  332  7  278  98  107  272  366  107  346  76  247  336  377  144  84  392  28  114  354  11  229  355  103  376  259  86  40  299  171  217  206  129  58  136  22  219  389  321  240  323  342  47  86  156 
 248  405  74  92  124  164  294  347  168  156  316  384  264  281  171  344  73  280  148  334  342  144  8  102  171  359  18  133  88  173  74  398  68  64  110  182  286  193  260  283  27  246  344  340  350  153  224  150  129  179  13  310  248  244  80  281  406  390  233  244  90  227  386  410  44  21  15  226  29  356  313  221  321  19  293  307  126  103  330  353  131  370  353  243  235  161  216  375  260  331  224  306  199  353  160  317  332  114  303  39 
 152  128  338  213  70  372  23  91  356  60  378  205  134  386  258  14  308  156  209  348  54  10  45  396  191  1  57  147  183  386  252  224  34  50  19  58  153  166  325  283  249  301  38  139  326  375  265  246  263  331  161  417  66  319  70  348  371  337  77  360  291  39  81  209  66  304  340  3  115  411  333  213  162  404  63  30  296  326  254  243  188  357  300  358  212  344  387  340  73  158  323  205  24  70  172  334  405  200  276  370 
 52  415  169  349  237  386  371  186  331  74  307  427  285  224  131  29  246  110  98  188  215  69  172  354  340  183  52  95  141  396  193  105  296  305  249  100  217  377  12  32  164  367  356  34  315  375  47  295  375  378  253  61  416  283  108  234  88  334  139  309  385  248  330  275  324  249  169  142  35  241  238  193  241  120  404  50  409  15  145  265  403  402  200  78  142  418  140  52  191  25  85  376  304  111  306  101  138  331  306  150 
 62  60  42  51  28  55  48  22  6  33  19  42  49  61  12  30  18  37  60  30  58  18  59  44  12  0  0  0  0  0  0  0  0  0  0  0  0  0  0  0  0  0  0  0  0  0  0  0  0  0  0  0  0  0  0  0  0  0  0  0  0  0  0  0  0  0  0  0  0  0  0  0  0  0  0  0  0  0  0  0  0  0  0  0  0  0  0  0  0  0  0  0  0  0  0  0  0  0  0  0 
 20  29  4  60  7  45  14  28  7  59  44  21  12  25  34  44  24  21  39  51  7  44  12  24  41  0  0  0  0  0  0  0  0  0  0  0  0  0  0  0  0  0  0  0  0  0  0  0  0  0  0  0  0  0  0  0  0  0  0  0  0  0  0  0  0  0  0  0  0  0  0  0  0  0  0  0  0  0  0  0  0  0  0  0  0  0  0  0  0  0  0  0  0  0  0  0  0  0  0  0 
 11  50  58  59  37  54  22  50  2  25  14  26  10  3  58  11  29  32  10  6  52  41  10  20  29  0  0  0  0  0  0  0  0  0  0  0  0  0  0  0  0  0  0  0  0  0  0  0  0  0  0  0  0  0  0  0  0  0  0  0  0  0  0  0  0  0  0  0  0  0  0  0  0  0  0  0  0  0  0  0  0  0  0  0  0  0  0  0  0  0  0  0  0  0  0  0  0  0  0  0 
 52  36  15  14  61  26  56  42  36  54  47  38  15  25  30  16  36  29  7  58  1  59  16  58  45  0  0  0  0  0  0  0  0  0  0  0  0  0  0  0  0  0  0  0  0  0  0  0  0  0  0  0  0  0  0  0  0  0  0  0  0  0  0  0  0  0  0  0  0  0  0  0  0  0  0  0  0  0  0  0  0  0  0  0  0  0  0  0  0  0  0  0  0  0  0  0  0  0  0  0 
 60  61  30  52  32  15  5  1  13  7  6  37  14  13  45  36  48  38  38  11  39  26  34  51  25  0  0  0  0  0  0  0  0  0  0  0  0  0  0  0  0  0  0  0  0  0  0  0  0  0  0  0  0  0  0  0  0  0  0  0  0  0  0  0  0  0  0  0  0  0  0  0  0  0  0  0  0  0  0  0  0  0  0  0  0  0  0  0  0  0  0  0  0  0  0  0  0  0  0  0 
 16  30  18  54  34  31  29  24  11  42  48  20  23  42  19  24  42  24  17  59  18  33  48  2  48  0  0  0  0  0  0  0  0  0  0  0  0  0  0  0  0  0  0  0  0  0  0  0  0  0  0  0  0  0  0  0  0  0  0  0  0  0  0  0  0  0  0  0  0  0  0  0  0  0  0  0  0  0  0  0  0  0  0  0  0  0  0  0  0  0  0  0  0  0  0  0  0  0  0  0 
 50  43  50  65  60  39  61  11  54  46  52  57  34  62  4  41  14  12  62  20  35  27  17  14  39  0  0  0  0  0  0  0  0  0  0  0  0  0  0  0  0  0  0  0  0  0  0  0  0  0  0  0  0  0  0  0  0  0  0  0  0  0  0  0  0  0  0  0  0  0  0  0  0  0  0  0  0  0  0  0  0  0  0  0  0  0  0  0  0  0  0  0  0  0  0  0  0  0  0  0 
 36  30  57  56  25  23  14  35  11  41  9  3  59  5  60  27  7  46  45  43  7  30  17  39  0  0  0  0  0  0  0  0  0  0  0  0  0  0  0  0  0  0  0  0  0  0  0  0  0  0  0  0  0  0  0  0  0  0  0  0  0  0  0  0  0  0  0  0  0  0  0  0  0  0  0  0  0  0  0  0  0  0  0  0  0  0  0  0  0  0  0  0  0  0  0  0  0  0  0  0 
 21  36  13  47  53  16  29  8  8  26  29  60  13  36  24  39  18  62  44  15  57  10  6  20  48  0  0  0  0  0  0  0  0  0  0  0  0  0  0  0  0  0  0  0  0  0  0  0  0  0  0  0  0  0  0  0  0  0  0  0  0  0  0  0  0  0  0  0  0  0  0  0  0  0  0  0  0  0  0  0  0  0  0  0  0  0  0  0  0  0  0  0  0  0  0  0  0  0  0  0 
 54  13  24  40  54  36  20  19  34  59  51  56  38  45  10  25  53  32  45  17  12  59  0  32  63  0  0  0  0  0  0  0  0  0  0  0  0  0  0  0  0  0  0  0  0  0  0  0  0  0  0  0  0  0  0  0  0  0  0  0  0  0  0  0  0  0  0  0  0  0  0  0  0  0  0  0  0  0  0  0  0  0  0  0  0  0  0  0  0  0  0  0  0  0  0  0  0  0  0  0 
 41  57  74  47  23  96  63  45  127  0  72  93  69  127  18  1  9  13  39  44  91  9  96  111  38  4  130  14  100  65  107  7  56  32  92  75  72  29  78  1  21  110  45  127  44  35  5  37  8  10  0  0  0  0  0  0  0  0  0  0  0  0  0  0  0  0  0  0  0  0  0  0  0  0  0  0  0  0  0  0  0  0  0  0  0  0  0  0  0  0  0  0  0  0  0  0  0  0  0  0 
 13  63  124  124  69  59  85  66  60  56  120  81  106  94  55  62  96  11  75  116  42  37  81  41  121  46  18  17  2  24  7  81  33  91  29  54  66  70  53  39  1  18  111  88  16  61  40  65  89  22  0  0  0  0  0  0  0  0  0  0  0  0  0  0  0  0  0  0  0  0  0  0  0  0  0  0  0  0  0  0  0  0  0  0  0  0  0  0  0  0  0  0  0  0  0  0  0  0  0  0 
 77  23  37  108  18  45  97  35  47  117  83  125  30  40  59  42  30  131  17  75  82  84  74  21  84  64  111  2  120  2  9  95  11  16  71  2  1  24  40  46  103  87  37  0  81  81  126  20  127  119  0  0  0  0  0  0  0  0  0  0  0  0  0  0  0  0  0  0  0  0  0  0  0  0  0  0  0  0  0  0  0  0  0  0  0  0  0  0  0  0  0  0  0  0  0  0  0  0  0  0 
 7  95  32  68  98  68  78  119  49  60  89  17  2  34  53  51  99  77  54  65  30  25  53  4  97  118  103  71  112  9  33  55  77  59  88  122  124  14  36  72  99  72  11  36  49  41  96  92  3  50  0  0  0  0  0  0  0  0  0  0  0  0  0  0  0  0  0  0  0  0  0  0  0  0  0  0  0  0  0  0  0  0  0  0  0  0  0  0  0  0  0  0  0  0  0  0  0  0  0  0 
 55  76  55  52  31  94  27  4  13  8  48  7  47  53  79  20  0  90  88  103  101  66  62  56  58  105  63  53  105  94  47  116  41  98  83  104  88  98  4  41  8  96  12  92  32  93  74  107  68  17  0  0  0  0  0  0  0  0  0  0  0  0  0  0  0  0  0  0  0  0  0  0  0  0  0  0  0  0  0  0  0  0  0  0  0  0  0  0  0  0  0  0  0  0  0  0  0  0  0  0 
 34  163  154  215  229  85  188  234  22  94  88  237  139  224  70  100  248  36  5  203  161  10  104  173  163  220  228  146  114  22  236  64  137  21  47  44  219  190  45  42  123  108  152  26  203  68  100  184  151  193  132  234  151  85  147  148  167  111  95  157  30  149  93  157  137  155  38  166  207  24  33  155  245  17  44  137  38  72  147  184  157  67  74  190  33  241  98  150  70  104  15  152  81  195  16  54  84  10  112  182 
 119  132  203  161  121  121  36  96  177  142  52  143  244  226  143  81  178  28  21  55  116  77  201  89  89  140  72  157  80  239  205  56  246  205  160  140  86  153  181  41  7  114  58  163  102  54  237  234  45  87  129  53  25  21  86  103  85  11  239  47  171  241  201  252  147  222  224  110  5  28  142  140  180  191  70  250  4  194  233  65  239  7  59  177  211  169  206  90  75  50  176  120  66  177  201  91  64  59  112  30 
 174  218  92  12  114  163  235  13  0  15  111  76  141  245  164  124  102  242  151  248  59  122  167  195  215  180  242  90  140  43  189  100  177  23  218  243  227  205  104  21  237  144  240  149  72  40  143  203  81  108  172  54  108  82  80  184  229  85  171  75  204  70  104  214  207  243  160  81  19  198  115  114  63  5  107  136  171  118  190  61  187  136  93  50  176  46  38  82  167  48  218  133  26  152  91  174  242  50  10  142 
 51  127  157  94  26  218  113  127  56  85  217  227  204  49  5  212  157  150  140  83  201  120  190  216  249  222  90  108  145  77  69  167  38  111  50  13  238  239  115  173  179  111  160  245  187  135  157  245  165  215  7  183  83  16  188  175  16  151  101  45  62  227  20  94  237  1  167  13  235  103  103  95  15  238  20  97  108  249  179  85  87  188  53  111  222  180  113  0  130  51  54  91  3  208  129  25  46  57  133  142 
 141  131  84  43  194  243  164  57  6  143  130  224  93  74  77  84  85  230  232  71  222  220  8  165  181  235  187  254  55  42  92  49  194  82  151  87  10  104  191  61  73  53  28  88  219  236  126  10  199  96  99  86  187  229  160  123  142  146  43  111  36  41  115  106  238  191  196  216  71  111  221  175  197  144  187  175  4  193  84  20  31  33  88  210  249  228  210  196  112  28  183  71  244  147  50  187  121  232  188  113 
 43  30  13  39  10  11  13  50  6  29  52  63  17  61  64  39  47  55  61  62  7  5  28  46  9  0  0  0  0  0  0  0  0  0  0  0  0  0  0  0  0  0  0  0  0  0  0  0  0  0  0  0  0  0  0  0  0  0  0  0  0  0  0  0  0  0  0  0  0  0  0  0  0  0  0  0  0  0  0  0  0  0  0  0  0  0  0  0  0  0  0  0  0  0  0  0  0  0  0  0 
 33  60  12  41  25  30  0  58  25  3  33  39  36  51  39  22  19  44  36  33  46  42  57  52  61  0  0  0  0  0  0  0  0  0  0  0  0  0  0  0  0  0  0  0  0  0  0  0  0  0  0  0  0  0  0  0  0  0  0  0  0  0  0  0  0  0  0  0  0  0  0  0  0  0  0  0  0  0  0  0  0  0  0  0  0  0  0  0  0  0  0  0  0  0  0  0  0  0  0  0 
 42  30  52  8  1  11  7  30  54  17  39  21  48  26  39  23  13  51  5  17  53  19  18  19  4  0  0  0  0  0  0  0  0  0  0  0  0  0  0  0  0  0  0  0  0  0  0  0  0  0  0  0  0  0  0  0  0  0  0  0  0  0  0  0  0  0  0  0  0  0  0  0  0  0  0  0  0  0  0  0  0  0  0  0  0  0  0  0  0  0  0  0  0  0  0  0  0  0  0  0 
 42  55  49  34  43  14  5  29  23  31  8  54  62  27  59  41  17  11  26  30  38  60  35  48  2  0  0  0  0  0  0  0  0  0  0  0  0  0  0  0  0  0  0  0  0  0  0  0  0  0  0  0  0  0  0  0  0  0  0  0  0  0  0  0  0  0  0  0  0  0  0  0  0  0  0  0  0  0  0  0  0  0  0  0  0  0  0  0  0  0  0  0  0  0  0  0  0  0  0  0 
 58  33  1  19  16  55  42  36  51  2  29  11  3  50  27  47  35  6  9  32  57  23  3  59  9  0  0  0  0  0  0  0  0  0  0  0  0  0  0  0  0  0  0  0  0  0  0  0  0  0  0  0  0  0  0  0  0  0  0  0  0  0  0  0  0  0  0  0  0  0  0  0  0  0  0  0  0  0  0  0  0  0  0  0  0  0  0  0  0  0  0  0  0  0  0  0  0  0  0  0 
 34  41  20  22  43  26  49  56  28  33  32  15  13  58  3  27  52  23  12  12  17  4  30  6  10  0  0  0  0  0  0  0  0  0  0  0  0  0  0  0  0  0  0  0  0  0  0  0  0  0  0  0  0  0  0  0  0  0  0  0  0  0  0  0  0  0  0  0  0  0  0  0  0  0  0  0  0  0  0  0  0  0  0  0  0  0  0  0  0  0  0  0  0  0  0  0  0  0  0  0 
 61  3  15  3  14  40  30  29  45  6  19  17  23  55  49  41  61  59  5  9  5  45  17  63  18  0  0  0  0  0  0  0  0  0  0  0  0  0  0  0  0  0  0  0  0  0  0  0  0  0  0  0  0  0  0  0  0  0  0  0  0  0  0  0  0  0  0  0  0  0  0  0  0  0  0  0  0  0  0  0  0  0  0  0  0  0  0  0  0  0  0  0  0  0  0  0  0  0  0  0 
 55  43  27  18  19  45  7  54  36  30  53  15  50  46  20  21  33  44  57  19  1  39  60  52  22  0  0  0  0  0  0  0  0  0  0  0  0  0  0  0  0  0  0  0  0  0  0  0  0  0  0  0  0  0  0  0  0  0  0  0  0  0  0  0  0  0  0  0  0  0  0  0  0  0  0  0  0  0  0  0  0  0  0  0  0  0  0  0  0  0  0  0  0  0  0  0  0  0  0  0 
 40  20  51  0  23  39  8  9  36  22  59  19  60  22  6  54  45  62  1  54  44  7  59  57  18  0  0  0  0  0  0  0  0  0  0  0  0  0  0  0  0  0  0  0  0  0  0  0  0  0  0  0  0  0  0  0  0  0  0  0  0  0  0  0  0  0  0  0  0  0  0  0  0  0  0  0  0  0  0  0  0  0  0  0  0  0  0  0  0  0  0  0  0  0  0  0  0  0  0  0 
 34  5  40  20  15  26  7  9  51  29  49  40  19  57  59  42  16  10  43  8  49  19  20  28  3  0  0  0  0  0  0  0  0  0  0  0  0  0  0  0  0  0  0  0  0  0  0  0  0  0  0  0  0  0  0  0  0  0  0  0  0  0  0  0  0  0  0  0  0  0  0  0  0  0  0  0  0  0  0  0  0  0  0  0  0  0  0  0  0  0  0  0  0  0  0  0  0  0  0  0 
 110  103  52  2  55  122  111  68  114  45  69  41  93  24  114  16  63  103  116  106  26  10  113  91  47  61  0  71  74  63  90  55  86  37  60  99  58  13  55  78  90  25  41  39  83  118  123  120  74  87  0  0  0  0  0  0  0  0  0  0  0  0  0  0  0  0  0  0  0  0  0  0  0  0  0  0  0  0  0  0  0  0  0  0  0  0  0  0  0  0  0  0  0  0  0  0  0  0  0  0 
 121  79  40  16  58  3  89  24  17  104  55  14  5  97  65  27  90  50  23  111  39  79  5  118  21  119  24  74  75  66  15  55  105  49  101  28  11  117  88  97  19  52  63  23  45  58  94  72  115  52  0  0  0  0  0  0  0  0  0  0  0  0  0  0  0  0  0  0  0  0  0  0  0  0  0  0  0  0  0  0  0  0  0  0  0  0  0  0  0  0  0  0  0  0  0  0  0  0  0  0 
 48  48  99  13  95  81  73  106  55  112  12  108  33  41  66  41  118  107  112  10  110  54  59  7  109  20  8  1  61  50  49  91  41  73  72  10  14  38  3  115  2  47  83  80  80  124  15  30  38  7  0  0  0  0  0  0  0  0  0  0  0  0  0  0  0  0  0  0  0  0  0  0  0  0  0  0  0  0  0  0  0  0  0  0  0  0  0  0  0  0  0  0  0  0  0  0  0  0  0  0 
 80  86  15  124  118  97  3  54  70  33  124  49  94  100  104  57  98  29  2  95  67  66  102  30  72  109  61  64  35  37  100  63  89  74  76  88  109  117  26  62  37  18  38  3  26  118  77  112  95  81  0  0  0  0  0  0  0  0  0  0  0  0  0  0  0  0  0  0  0  0  0  0  0  0  0  0  0  0  0  0  0  0  0  0  0  0  0  0  0  0  0  0  0  0  0  0  0  0  0  0 
 74  84  86  23  9  75  8  34  45  7  69  9  56  53  61  60  22  86  36  92  50  68  45  122  91  29  113  78  50  55  87  100  5  46  82  19  115  8  99  92  59  103  108  23  15  117  105  56  108  52  0  0  0  0  0  0  0  0  0  0  0  0  0  0  0  0  0  0  0  0  0  0  0  0  0  0  0  0  0  0  0  0  0  0  0  0  0  0  0  0  0  0  0  0  0  0  0  0  0  0 
 5  134  154  70  121  107  103  173  25  72  212  153  253  234  76  90  130  65  204  134  56  183  234  237  251  192  23  207  95  178  33  77  82  216  252  30  252  193  193  131  234  222  247  125  108  77  18  61  59  239  57  220  95  192  76  76  80  104  38  143  92  13  31  38  72  108  213  205  58  40  45  101  215  97  148  50  168  137  139  70  194  115  98  61  166  173  67  43  102  16  115  211  9  149  213  26  49  107  176  187 
 7  58  13  99  119  109  232  160  33  3  95  90  190  122  51  38  227  82  72  246  243  157  103  4  179  187  218  19  135  96  126  200  215  251  176  17  99  97  202  175  54  55  171  239  37  112  9  85  87  50  202  93  136  31  57  99  78  251  130  26  60  92  45  196  65  220  7  160  239  142  214  167  21  68  30  58  121  180  111  128  26  70  5  217  109  241  37  54  102  19  158  236  198  74  200  195  31  17  0  154 
 27  111  28  0  12  159  216  12  155  75  217  169  160  181  205  60  201  39  148  167  11  114  97  184  37  171  60  149  107  189  110  16  46  153  109  158  200  183  242  212  166  60  160  102  184  212  243  195  30  202  205  109  128  146  167  45  163  27  55  158  162  65  245  151  213  160  112  5  77  45  51  173  28  184  207  218  100  243  234  119  54  6  224  219  123  28  45  165  222  69  63  202  115  232  22  97  249  51  177  69 
 15  228  1  47  131  18  230  256  94  145  114  196  86  73  42  179  42  77  118  33  146  212  32  23  214  93  28  196  234  54  121  125  151  223  166  227  185  73  202  188  201  236  84  22  16  53  151  96  152  134  142  238  15  87  157  166  15  107  101  82  162  7  139  69  146  202  127  209  154  61  30  61  156  206  89  203  56  13  148  100  246  26  250  126  10  13  130  233  75  29  226  241  35  153  12  170  19  60  142  184 
 175  76  147  85  244  166  240  236  120  85  115  11  177  195  213  214  7  2  143  199  173  55  212  99  232  52  103  129  250  40  102  165  209  98  104  118  80  174  131  24  147  39  96  167  156  78  250  51  8  214  138  58  79  73  154  230  249  220  249  63  77  139  214  145  134  214  111  165  44  211  99  216  55  70  181  65  116  8  48  118  85  249  86  24  67  181  109  5  13  177  58  88  228  64  217  35  215  220  101  136 
